8067.11;-1498.82;-4685.57;-8661.32;1213.14;7710.71
1
-4805.5;3562.37;-5121.66;5034.13;-1641.49;-8280.07
-1
-1164.39;2949.97;-648.946;-6458.09;-1316.39;-5761.88
-1
-92.1569;2430.9;-5555.15;2426.68;5474.37;-133.789
1
-2356.11;-3226.65;3613.41;-624.287;1983.01;4835.69
-1
-3678.52;3381.35;735.911;7358.62;-3476.99;1185.73
-1
7102.86;-6644.22;-7204.06;5047.17;-2068.93;-3871.67
1
-8982.75;3610.73;-1517.26;-8627.92;-6241.32;7625.05
-1
2458.27;-2207.68;-5423.23;7692.6;-3067.83;-3856.59
1
-7888.9;5385.16;6011.03;3721.93;-5374.71;-7585.5
-1
-3925.68;5385.77;-6332.44;2513.39;1149.98;-1829.55
-1
-7763.25;-6262.23;5746.59;6431.92;-5345.26;-4528.01
-1
6373.46;-5113.04;6116.11;8092.89;-7962.87;2271.68
1
1205.31;8215.65;-2344.45;1549.73;-2260.78;-974.656
1
3627.15;-1200.42;1303;-5017.35;2719.66;6715.71
1
7549.26;892.357;6179.5;-1879.92;2375.27;487.981
1
5509.16;4679.51;-2994.98;-8943.21;6358.55;-3992.78
1
-2626.02;479.379;3035.9;4310.92;7469.18;-2105.28
-1
3857.58;5508.82;3895.95;-490.219;-7650.89;-3219.18
1
682.824;902.044;-2738.05;-1429.77;6044.35;8877.2
1
-5212.18;3990.01;-7481.48;6304.46;-6035.84;1341.98
-1
-6834.47;-1023.39;-4979.99;1441.52;1424.69;-3360.32
-1
-7398.8;-574.554;-6819.28;-7696.24;-8624.36;4785.39
-1
2755.2;646.167;-2492.06;7008.01;-1933.05;459.373
1
-1299.75;1517.07;-1467.41;-8373.32;-1168.65;215.151
-1
-3264.09;-4306.31;-6716.97;4222.63;-2458.36;5910.35
-1
-6997.78;-6091.85;-1431.51;-6396.45;-1574.94;2935.39
-1
8201.66;-1573.88;8146.03;4676.12;-8892.34;-7291.4
1
-32.3686;4656.54;7031.95;-159.058;-589.827;-3960.98
1
4546;828.571;-982.246;-7626.41;-6288.22;240.908
1
-6467.73;3496.72;5912.49;-1351.46;2764;-6352.16
-1
8071.91;-7897.45;-7194.02;-6080.89;7398.58;509.168
1
-4894.76;4359.17;7097.79;4026.9;-8059.92;6860.57
-1
-2062.92;2687.74;3004.87;-4794.9;7164.41;-1976.13
-1
-649.099;-2870.82;-5637.39;-8882.42;-8282.08;-7201.1
-1
-2658.44;-6566.95;-1799.78;-2331.07;1282.79;6584.22
-1
6321.75;-8771.6;-6278.66;1917.54;1428.2;6057.12
1
792.639;2250.25;-3062.4;-2701.77;-6619.28;-3.38026
1
6056.81;-7155.25;6064.39;7782.43;4537.08;-7839.34
1
-1446.36;7385.33;-6671.1;7421.17;3288.31;1506.23
-1
-2513.78;4363.15;-629.291;-3249.35;3404.89;-4850.34
-1
8053.07;-825.639;3181.82;8644.17;4611.59;5624.56
1
1600.7;-5697.41;5706.1;-8614.26;-7844.1;4892.99
1
5761.82;4170.37;4471.18;4747.07;-4545.56;-187.115
1
1781.04;-3899.94;6393.1;5287.46;7195.76;-3227.42
1
2633.48;8342.9;-3198.32;8894.19;-5491.85;-7559.15
1
5213.25;-8666.06;2897.96;-8242.51;-8081.39;-8884.15
1
6888.15;-2993.63;4418.47;-4977.82;2110.56;1409.5
1
6453.97;-6381.19;-7447.55;8163.53;7430.54;2706.01
1
5676.92;4712.33;513.748;-3285.4;-9007.24;7987.91
1
402.55;-1842.15;-2870.09;-7108.97;-3901.99;-7322.77
1
-5295.96;-4859.78;-6751.32;7703.76;-8089.18;-8506.43
-1
8251.1;4413.72;-953.982;8713.04;329.166;-947.522
1
-3978.55;2573.67;5042.11;8586.35;6716.98;2661.3
-1
-80.1526;-4638.27;7716.79;349.683;5616.21;-2031.15
1
1200.24;-5920.5;-8883.84;-4653.62;-4010.51;2160.82
1
-2018.92;2862.85;-3316.8;527.098;1850.82;3226.96
-1
-6230.7;-892.126;-91.8211;7888.73;-812.408;6711.32
-1
3491.66;2843.13;607.741;-2929.63;3757.05;-1075.56
1
-4936.09;-4975.18;-1518.56;3839.04;2476.7;-4446
-1
-5874.48;4298.74;8208.12;3630.98;1875.91;4129.81
-1
8281.47;-1645.98;5404.46;2269.46;-8968.65;4890.59
1
-3317.61;-1204.24;5143.44;-8341.67;2264.28;-4989.45
-1
5345.18;-3130.95;278.465;-7706.42;-8441.93;4344.88
1
5785.04;7778.83;8729.89;3107.01;-7396.46;-722.502
1
-8042.91;5531.96;-2438.97;8962.69;-1659.23;7268.07
-1
-5800.66;2034.41;-2386.86;1517.57;466.379;5353.82
-1
-2316.07;-2602.61;-9022.95;60.2774;-1796.36;6005.28
-1
2961.53;-8578.6;8141.31;-7898.18;-3753.1;4119.05
1
4192.16;-1748.42;-4159.35;213.05;2413.77;-8630.7
1
-6147.96;7311.19;-3796.82;-3844.28;-1458.79;-4958.2
-1
8311.92;1034.18;4751.17;8270.39;-4647.48;2938.7
1
-5308.61;-8784.5;5939.5;-3141.98;-6121.67;8389.66
-1
-6270.01;-3148.65;8936.5;-7657.95;-3580.53;3234.28
-1
-134.421;6180.54;8272.4;8858.98;5707.29;5882.29
1
-447.45;-6631.94;-5335.42;-7288.84;-8057.24;8380.18
1
2549.32;-2614.69;-6882.36;-4487.2;-5657.71;2070.45
1
-367.174;2004.79;4224.08;4990.01;-3561.67;3104.01
-1
4033.14;-6536.88;4269.77;6108.67;2400.6;-6046.53
1
5253.02;2825.99;-4505.68;-5898.85;-8684.57;384.543
1
-7718.95;-2582.01;7577.85;5610.39;-2973.63;-7438.12
-1
3929.52;-5060.53;469.108;7106.99;162.793;1137.11
1
3724.4;884.288;5606.16;2013.87;-5497.69;8703.14
1
3068.57;6298.95;6656.09;6617.37;-7486.68;-2968.12
1
3004.23;-8254.71;8000.67;-600.54;-7877.58;8109.14
1
4660.35;-4080.41;-2962.91;276.83;2543.2;7340
1
57.8779;2596.92;-157.258;-5975.67;-8829.42;4347.45
1
-3756.21;7205.65;5554.95;-5010.12;1242.25;-1218.23
-1
-800.727;-92.2635;8478.87;8635.93;1403.22;-79.3463
-1
-3237.19;6315.42;-4037.97;6053.84;-1139.21;9003.91
-1
7062.98;-4551.28;7438.52;-5342.26;51.6055;-8027.53
1
-5867.92;-3280.87;3249.68;3861.29;-6739.43;117.459
-1
8585.57;-8047.06;-8701.64;3701.06;5897.63;8537.12
1
5609.87;-4122.44;-4541.54;7819.02;4723.11;-6694.44
1
-487.993;-6482.76;-7474.6;1948.66;8858.15;4824.78
1
5963.94;-3849.81;5485.11;-1548.7;-1805.21;6004.42
1
1729.1;3638.83;2271.9;7840.4;7210.68;-4521.51
1
2290.75;-1583.29;-7208.61;-1668.2;6874.54;-476.357
1
-6082.56;-6945.31;4985.33;-5388.63;-1921.1;-8431.13
-1
-2819.03;4883.41;4445.19;-44.2334;3970.4;1063.23
-1
8944.36;2922.38;-2913.39;-6160.25;4685.67;7444.42
1
4972.7;-361.833;-6262.39;2282.03;-5785.07;8799.88
1
-1718.66;-5436.72;8671.44;-2783.83;-6410.6;233.118
-1
6599.57;-4325.94;-6820.87;-2432.22;4330.96;4211.5
1
6172.66;-6137.41;-3835.86;-1091.22;-2752.1;7672.77
1
-7176.09;-4237.44;-6467.8;4797.47;-7773.11;2774.81
-1
-1157.89;-8983.27;-1677.97;-7518.69;74.6333;-7853.5
-1
8312.47;-1038.76;-6674.92;6118.53;-6120.71;4028.77
1
-7717.07;8123.87;3994.51;3030.59;5522.3;-1896.64
-1
-6332.22;-8005.79;5339.18;-6044.12;-3606.86;-1747.22
-1
3968.06;5099.5;3953.47;4633.64;3355.04;5394.68
1
-7062.75;3269.71;6465.67;4996.72;3430.68;2874.74
-1
7236.23;3372.48;-1096.71;-3594.37;2363.5;-3871.97
1
-3590.98;1933.21;7894.02;-4622.77;4087.37;-2162.93
-1
-3065.22;-6656.49;7041.8;-3139.35;-1062.88;3145.03
-1
-778.445;-5019.79;7406.88;-8710.91;-3775.23;5081.56
-1
7093.98;8384.85;7077.95;337.468;1489.53;-2094.89
1
1863.69;-3948.21;-4930.41;-1953.54;-7775.45;4198.45
1
8602.64;-7714.76;-3534.75;8207.36;6132.56;-8879.32
1
-3489.81;2408.89;-8954.98;-6291.05;-180.418;-6809.41
-1
-8895.92;-5697.03;3138.58;2697.93;-54.5512;4525.66
-1
-372.691;4529.96;6343.86;5771;7605.65;-342.008
1
3984.99;4243.36;7921.7;2638.68;-5539.05;3635.03
1
109.905;-499.329;7371.42;5540.55;-2979.73;-4539.71
1
537.023;8423;3248.19;-4716.89;-1908.97;6630.2
1
-8489.93;-8851.69;6433.18;-14.9703;5159.66;3264.31
-1
7309.97;8920.99;-6099.17;-7833.36;-8495.57;-1214.61
1
-5597.79;-2169.9;322.531;-8257.2;-8143.47;-5325.56
-1
-3530.84;586.622;-3698.5;-1308.05;8646.04;-3560.18
-1
189.585;6350.26;6656.74;3126.08;8084.99;6040.17
1
2697.18;3565.28;-4513.74;6333.76;-3659.84;-122.689
1
7386.42;-5636.21;5094.37;-5057.61;7120.37;-3674.08
1
8954.09;-872.627;-617.991;-8478.09;-8056.74;4154.89
1
1563.03;4588.89;-630.585;2835.06;7750.46;1098.53
1
1752;-6721.2;-5217.27;3421.7;3003.45;1898.65
1
-2125.48;3484.31;6383.4;-9017.12;-7466.08;-1327.92
-1
-4065.44;-1128.37;-8929.01;-6050.46;-747.962;-5401.61
-1
3392.42;-1248.22;-7766.29;-6679.7;8397.39;-8759.3
1
-923.554;8553.39;7547.69;2068.26;1975.16;2282.47
1
3977.76;5212.31;-2158.72;-8770.58;-8322.15;4393.96
1
-5510.98;819.714;-2961.08;-1993.08;-2977.03;-6551.01
-1
7073.29;599.919;-1710.69;7464.9;9013.17;4429.93
1
1913.08;4536.98;-1174.43;-725.162;-4450.35;1229.96
1
-5753.35;6244.38;-3604.35;-7880.36;-826.355;-961.996
-1
-2607.34;2973.32;2672.84;-7572.34;-2531.69;15.4133
-1
-5947.22;4624.71;8403.23;-8955.28;7787.31;-8306.5
-1
437.416;2089.84;1408.32;3340.67;-5223.11;8536.42
1
-1035.3;159.429;1237.07;8681.75;4818.43;1332.76
-1
-4903.98;-4726.06;-258.523;8863.31;-4146.25;2117.94
-1
-2428.65;6610.09;-8927.6;-3900.34;-2433.51;298.459
-1
3789.8;-2463.11;-5964.96;8315.33;-4192.97;-3031.27
1
-3148.94;-663.442;2337.19;104.578;7305.81;1701.66
-1
4432.74;-7311.74;583.165;112.773;7495.41;8433.8
1
-2890.45;-4068.88;-51.0486;1717.45;-1045.77;-2407.73
-1
-4756.87;7464.7;8920.75;-6009.14;-7746.33;6996.21
-1
-1127.65;-5106.8;-2419.58;7604.13;-3956.22;1895.68
-1
-3414.16;6584.97;-326.771;6205.5;1218.18;-88.5249
-1
-6684.78;2659.13;5050.45;-2007.84;8087.75;3423.36
-1
-80.8963;1464.64;-1967.75;6514.83;-4954.03;-778.548
1
-8063.24;-75.1969;2536.19;-7963.08;5718.4;3483.68
-1
4420.34;-807.7;-4841.55;-3223.94;-3031.81;6557.79
1
-4943.06;7345.24;3854.03;-2459.46;4103.15;7010.67
-1
-1002.61;-6175.66;-5835.41;5616.19;-3956.28;-5067.65
-1
-3981.41;-6507;4309.66;802.32;2655.91;4544.27
-1
1575.77;1764.84;995.74;-2977.9;-2770.87;4715.36
1
-5359.89;-4370.22;2358.66;-7101.68;3927.34;6230.74
-1
5287.9;-6533.42;4412.41;1675.8;-2330.74;-5163.34
1
2243.09;8133.29;1534.17;-7365.3;3903.36;-8111.15
1
-3382.45;-7987.96;8170.53;8583.53;-6723.08;7422.19
-1
-5476.2;4143.17;-4206.08;5362.14;-2412.79;-5748.2
-1
-222.976;-386.207;-184.012;6088.76;-8352.39;-3881.08
-1
-3084.08;5846.8;2001.97;-3513.41;3821.44;-5123.31
-1
542.086;-1302.8;-8407.27;-2012.37;-6657.19;-5832.58
1
972.817;5018.1;5835.94;2038.22;-5028.61;-6360.31
1
-749.745;4237.02;-8761.63;-1481.21;-5139.8;737.31
-1
3462.99;-4621.21;-6349.97;-3867.01;-7495.5;439.283
1
-6947.48;7735.12;-2320.85;-5532.25;4776.08;8311.12
-1
1167.38;-8029.32;7520.68;2850.99;608.159;-3480.46
1
-2781.49;4619.51;1783.29;5396.3;-1845.61;6492.79
-1
-8357.09;-4748.82;-8032.3;7630.6;8838.11;628.846
-1
-1263.74;-7351.12;6684.94;-2887.8;-4888.35;3564.92
-1
6679.56;945.313;-6141.83;-1249.42;-7834.61;2920.74
1
2788.32;-6270.93;-8035.4;7976.9;-3892.8;-3268.45
1
2746.95;-6983.48;2291.4;3696.15;7945.04;-1624.04
1
2971.28;1180.51;-4022.08;8231.51;5223.59;6102.87
1
264.717;4898;-754.365;7080.43;-4160.3;-4607.61
1
-1247.66;-3417.23;-775.07;-7808.4;-8820.66;6695.32
-1
4930.84;6519.28;5632.86;-4773.57;6587.15;5537.16
1
2264.51;-1791.48;-3102.41;1321.4;8652.06;5585.74
1
8066.1;5148.83;-7665.67;4178.41;457.548;7107.6
1
2960.3;5525.22;8596.59;4438.63;2138.7;4334.55
1
6447.32;-4783.12;6466.73;6467.67;8974.76;5247.38
1
-657.14;-2756.24;-7712.46;6.32029;7419.69;8643.67
-1
-3446.6;-2841.44;2764.19;-6421.98;-8200.64;-229.884
-1
2097.21;1263.05;-8185.92;-2699.39;-428.118;-6305.83
1
3888.66;6688.55;5118.48;-7286.72;-5249.07;7422.49
1
1534.38;-5233.74;-3344.98;-7511.08;918.545;2798.55
1
6682.63;-7412.76;7030.26;-4429.81;1017.46;-1912.48
1
5000.24;3291.7;-1013.64;-5978.59;-7142.76;8086.3
1
-4567.96;7456.84;-3709.3;-349.838;2907.05;-5235.08
-1
2651.7;1078.16;-4706.63;-4130.18;7780.89;8152.31
1
-8174.97;2325.83;1592.08;1376.17;7076.99;-3356.38
-1
6353.77;6624.46;4571.53;-3277.19;1115.91;6245.19
1
7851.66;1715.79;-8628.2;-5522.13;5617.98;5894.33
1
752.229;8485.34;5403.77;-8452.5;7619.91;4799.13
1
-3552.31;3256.81;3921.01;-6034.22;8419.77;4820.33
-1
5201.97;-4983.74;-1751.8;4131.6;6547.63;7108.62
1
770.582;-2843.69;-7117.25;-8600.07;1238.55;-5077.59
1
-8579.82;648.378;-58.8923;-5921.92;2995.49;-29.5902
-1
-8641.31;8541.88;-1020.48;-5251.95;-9003.52;3070.45
-1
1268.72;-6261.89;-5002.21;-8182.5;-8844.2;235.663
1
-7634.39;2352.2;8844.72;1538.2;-7190.6;3642.91
-1
-3798.27;-1549.85;-7880.33;4910.05;7337.67;-7681.41
-1
8033.23;2247.81;-215.027;5673.63;-7110.03;3061.06
1
6774.3;1410.19;2028.72;-5108.55;1498.48;-5999.25
1
-1056.79;2372.4;-5326.22;3566.27;-284.214;981.999
-1
-1446.88;-3994.55;2053.01;5074.4;-5245.59;4158.98
-1
-3170.2;-7442.25;-6309.3;518.273;4591.39;-4746.53
-1
6691.81;605.569;-1428.86;6903.75;-2794.04;5044.14
1
-2236.19;-1290.68;3843.96;1483.39;-1374.68;1612.16
-1
-8262.99;1874.88;-4125.91;142.29;-4502.3;8404.93
-1
-7974.15;-7363.13;5787.94;-339.831;3510.43;3838.17
-1
-1625.42;4694.09;4154.34;6193.97;4164.88;-2918.96
-1
-1398.24;8046.4;964.245;1560.57;8155.24;-4003.84
-1
-293.641;-4751.17;6967.82;1983.73;4460.23;-1728.1
1
969.453;-2873.58;4174.47;7144.52;-4022.63;8983.78
1
-6449.83;-3586.12;-6907.13;-1498.23;-6379.86;-470.041
-1
-999.493;308.707;-6013.85;250.848;896.673;4344.25
-1
-7191.31;6828.58;-6650.6;7567.26;-9.59691;614.435
-1
-7476.11;2389.27;-5852.4;-7863.21;-4114.95;4785.54
-1
1328.91;22.2368;-1937.7;-5676.52;-8043.81;-8584.91
1
-6950.27;-7374.19;-6845;-7533.75;4911.75;5535.21
-1
4417.3;9010.09;-25.8446;3377.03;490.313;-5292.33
1
-2514.53;6435.49;-6113.51;-5670.83;5937.25;6083.74
-1
-8793.59;5586.9;3118.62;8425.02;-6561.81;5655.87
-1
-1394.95;7734.84;920.438;4696.23;991.269;-5933.99
-1
-4104.45;-7141.66;-251.606;8851.07;-1218.72;-4261.23
-1
5305.9;-6192.8;-4637.12;7534.44;941.962;6945.07
1
7395.29;3360.77;5911.94;5930.67;-2770.68;5806.41
1
-4768.97;-5407.16;1403.84;4795.34;1241.52;2913.03
-1
3819.09;5544.11;4231.46;-7653.24;-5347.26;8977.02
1
-3602.11;-8664.98;-3866.81;-4117.85;4309.93;-4067.85
-1
-5698.06;-2039.09;7485.91;602.951;-2798.59;-2144.48
-1
5051.63;-5718.88;-1866.84;537.147;8572.54;7755.56
1
-87.577;5886.54;5335.7;-4418.09;-154.945;2981.48
1
7285.64;-5373.3;5576.72;-7589.31;7742.85;6956
1
7788.51;-7511.42;484.441;-2672.27;-955.1;-7120.38
1
-2687.11;7816.58;531.297;-3235.02;4214.22;-2390.45
-1
688.647;-2868.67;-4247.55;5095.84;-3607.42;5007.32
1
-3416.95;187.403;-1250.28;-331.8;1499.38;3537.3
-1
-738.478;-1245.64;-987.858;73.0449;-735.884;-798.713
-1
-3331.7;7534.36;4660.9;-329.812;480.017;-1209.87
-1
-4029.89;962.543;1524.34;-2625.11;2636.4;5563.59
-1
3074.97;-3627.09;4576.03;-2771.93;-6158.8;8215
1
3756.98;-5253.51;-4312.21;5565.38;6733.71;2706
1
2195.53;1256.49;451.875;-8112.07;6321.39;-2472.8
1
36.1942;-1381.25;-2098.2;3174.41;1270.93;3780.71
1
-576.17;-6652.54;8404.27;7452.77;6764.72;-4778.8
1
5784.8;-3428.44;1847.86;-2496.84;-478.199;8361.11
1
5513.43;-710.599;-6376.13;-5727.97;4960.39;-2862.48
1
813.96;-7334.64;7233.09;3707.2;7395.24;-5281.04
1
-4108.4;-3739.07;2149.03;-4564.79;4835.24;-5028.98
-1
-7103.14;-5277.16;7552.62;5014.25;-6471.9;5883.85
-1
-2936.97;-1111.67;425.741;2221.66;3971.68;52.4068
-1
451.405;6971;5030.68;3072.48;-2738.68;4905.46
1
-2537.36;-1828.85;-7946.66;-274.303;2619.66;-4121
-1
214.732;-4621.75;8495.17;-7518.26;2271.82;4302.93
1
8648.71;-7183.31;-3100.37;-3292.72;2836.37;1263.39
1
2344.02;-913.164;-6479.27;-4852.72;-3954.26;-677.21
1
-6556.03;6246.55;-4029.39;8970.01;-2251.69;-3816.05
-1
1410.45;-5234.18;-3295.91;-6944.76;-5384.44;8715.78
1
-7151.18;7367.59;-3648.46;7938.32;-590.336;5236.06
-1
6682.08;-773.838;-4623.45;-6165.71;686.204;-2342.19
1
8534.72;-945.497;-7720.72;5573.91;7517.46;1544.53
1
8194.02;1684.96;-7481.83;-3455.19;-5958.09;-7913.42
1
3645.52;-701.275;-8886.28;-7558.37;1004.77;5314.1
1
1540.36;-624.773;3440.34;6096.08;-6733.36;-5715.72
1
-6004.84;-5479.02;4381.68;-3714.29;-8716.74;4222.58
-1
7291.76;-730.078;8586.39;4082.71;-6225.96;664.401
1
-3325.22;-1558.41;-3320.02;2169.51;7174.26;-5163.98
-1
8738.11;-4032.92;3002.63;5507.81;7620.01;-794.693
1
-7878.81;-1240.39;-2299.81;7358.28;218.221;4515.73
-1
-8791.74;3749.03;8147.13;846.461;-3081.07;8038.3
-1
-1886.28;4450.14;-8589.19;-329.463;-3148.89;-3172.04
-1
-2953.09;4376.75;-5166.01;-4644.61;-1843.94;2801.16
-1
-8453.08;6871.63;-6564.3;367.899;-8172.31;7847.01
-1
1093.75;2264.41;1298.31;5615.73;-7206.53;7364.82
1
-1307.38;1227.13;6864.69;-2789.69;-8128.54;-8474.88
-1
3897.12;7491.76;-8617.98;-8480.73;6629.66;-8882.29
1
-8996.46;1914.63;8171.76;4816.43;7319.59;-1628.18
-1
6574.8;4178.01;2681.5;7803.22;2451.08;-2187.15
1
-8346.38;7801.88;7614.07;5850.01;5823.34;-3168.01
-1
-7570.23;-7887.02;-6914.64;-927.126;1318.12;-7412.3
-1
-178.176;-6847.08;-1659.99;-3635.52;1653.55;5746.21
1
6278.5;-515.926;-6246.5;6977.86;-5771.07;3144.62
1
-2625.89;1339.58;-167.963;-7867.1;6687.37;-6317.09
-1
4238.86;-1342.39;3025.26;-7954.69;-4698.39;2716.57
1
-2560.58;-2091.63;8798.97;3189.75;6483.57;-7707.52
-1
-1245.07;3794.49;697.373;-3486;1254.78;5302.55
-1
-3306.63;-1673.92;6138.48;8281.48;4173.45;6093.88
-1
7310.09;-7835.52;4520.01;9006.83;1251.12;-5073.76
1
8511.75;8175.67;-7123.51;-3867.61;5010.2;-7344.99
1
-8755.84;8071.38;-8809.49;5918.54;-2618.79;-2956.35
-1
1016.4;3601.98;-2593.66;2990.67;7853.96;-6578.1
1
-5330.64;2966.56;-3208.68;-7646.97;3266.2;1719.44
-1
7001.02;2875.25;-1788.39;-2790.54;7559.89;5492.96
1
-7694.3;1123.43;-2366.66;-6999.67;2590.37;-473.206
-1
-67.7599;-1139.05;196.269;-2778.81;1877.38;7200.8
1
3581.7;-3972.63;-2235.57;-6985.28;-5822.66;8831.08
1
7615.44;755.735;-3580.45;3239.4;4235.59;-4701.42
1
-1966.25;7525.31;-850.212;-4266.62;-7481.55;-8656.28
-1
-2065.08;-5499.29;-7643.27;5908.64;5555.26;-2548.09
-1
-5233.81;2869.3;-1112.25;-5835.53;2279.39;-5258.93
-1
-2399.78;-7686.34;-1160.12;-4475.09;8993.18;-6380.8
-1
7821.57;8768.9;8971.54;-2940.6;1954.52;7867.8
1
6085.95;-1387.71;5156.02;8937.66;2864.18;2776.2
1
8851.74;6415.05;1755.02;1193.36;-3969.78;-5155.56
1
7374.04;-5902.88;3875.25;-3563.02;-3023.81;-6620.61
1
-2956.15;-7088.26;5221.24;-4910.19;-7368.82;3615.61
-1
-4869.07;-1961.91;2222.47;2286.04;1224.9;1063.56
-1
-4131.49;8413.15;-5363.7;-5829.2;-2972.02;6700.18
-1
7518.83;-5419.45;-6372.23;-1298.4;6863.72;-1141.37
1
-690.251;2592.46;43.1191;5228.42;-2947.79;-2492.94
-1
1311.65;-4255.39;1725.9;4032.06;-3596.07;-5938.89
1
-5352.44;-1485.05;-5782.15;-487.983;-3109.27;-6827.1
-1
-7272.82;-1391.89;6914.18;655.224;-555.937;-6914.68
-1
5262.01;4691.78;-5774.94;-7070.06;-3623.11;8560.63
1
5567.68;6099.06;-2063.03;6154.64;-1023.64;4104.07
1
6210.29;-4874.17;-4981.09;1461.53;-1701.66;8100.11
1
-1890.63;-844.002;-5750.7;-5136.23;-2094.05;1459.22
-1
-6789.93;3010.45;-8131.44;2614.57;-1912.24;-2023.65
-1
-4563.07;8260.75;6025.48;7227.31;-7494.33;2970.43
-1
3737.02;5904.05;-5621.14;-2692.9;-8437.65;-2618.16
1
-4963.15;-7113.98;4146.56;-8015.28;2232.5;8037.05
-1
1890.66;4048.32;-7257.13;3124.27;7012.9;-4229.01
1
-4648.14;-5470.29;-766.572;5685.47;-4518.23;-1985.86
-1
8751.17;5852.99;6638.33;-900.624;8229.55;-7085.97
1
-7405.34;-4911.4;-5139.96;873.683;-2775.62;7136.58
-1
-8980.6;-7790.96;5200.87;3262.56;7649.69;630.191
-1
-1389.92;-7216.74;-2241.57;8593.55;-8140.16;-6131.98
-1
-7859.33;835.854;6113.86;7618.06;-7022.22;-5690.35
-1
6193.84;-6747.92;110.468;7444.9;1590.66;-6402.41
1
4486.81;3148.41;7494.85;-5484.76;-4509.53;1407.82
1
-2334.1;-7115.22;-737.421;524.463;1755.11;7744.88
-1
8445.47;-6818.58;5396.44;-5614.53;4397.31;2775.77
1
6660.57;-5367.64;3464.89;1522.56;-6886.49;-1784.63
1
-7751.21;-2395.47;-5614.96;-373.221;741.293;-8696.25
-1
-2745.52;5340.47;-8359.16;-163.555;8691.43;537.276
-1
-4592.71;4816.62;-1018.46;-5865.6;2203.51;1072.8
-1
6781.37;-7795.64;-6798.96;-5723.65;8577.9;-4862.15
1
-7014.07;-5278.59;3937.79;-7548.56;-105.335;6020.88
-1
552.099;-8198.91;-5540.25;-7430.64;-2581.38;7528.57
1
-4847.97;7380.49;7632.31;2398.75;5461.76;4790.74
-1
4302.32;-626.5;2741.43;7404;155.892;2546.99
1
4324.35;-8374.76;1330.16;3076.06;-2161.65;-1743.62
1
-1472.03;906.432;-774.316;9004.73;6212.38;-2729.29
-1
-5039.91;-5812.99;2844.28;1038.41;7132.3;-5108.8
-1
-4406.07;1548.63;5325.46;-1922.66;3555.45;-5697.55
-1
4849.07;3760.88;-8134.06;5049.84;2104.87;-3529.25
1
-3184.92;-6272.38;-4908.44;1149.07;7894.26;255.872
-1
-7829;3174.97;-8970.27;544.999;7255.81;5655.1
-1
80.3941;1645.7;-7906.23;2869.06;-5498.45;-1773.29
1
-3570.28;7014.17;-1356.17;-7802.58;6820.52;-5821.69
-1
5412.86;-2501.65;132.05;-1901.13;-2697.25;-740.713
1
-4095.2;-4580.14;-7714.28;172.608;-1228.58;-5362.54
-1
-4892.8;1627.29;1679;332.599;-6820.59;-1100.03
-1
-1582.18;-1957.51;-4944.81;337.834;2782.01;-2926.48
-1
7060.47;831.481;8718.26;-476.888;-537.932;6503.37
1
3391.67;-161.79;5729.65;-398.997;7111.42;4028.1
1
-4857.77;3248.58;7560.79;-1661.97;5310.28;7945.31
-1
456.399;3395.81;758.94;-7338.81;3092.77;-7765.05
1
-78.9699;-8299.13;4731.09;-5625.09;-4606.32;5839.48
1
8839.13;-8007.72;-4607.63;-4431.65;-3001.89;532.582
1
6323.35;-2893.01;-7251.92;-1689.34;8092.18;6878.88
1
-5500.06;-3965.17;-3598.15;-6594.38;-3241.59;4810.12
-1
6232.49;7441.45;795.052;2735.12;1092.17;-3556.45
1
-4297.73;-5567.51;-8567.44;-1083.58;-6307.23;-3372.5
-1
5178.64;7734.39;-3645.24;2953.59;5997.75;-930.697
1
-4531.51;6471.11;-5102.33;7344.44;5589.59;4970.69
-1
-3120.37;4406.52;-3468.44;4207.87;3436.59;6583.63
-1
-2509.39;-1125.42;-8067.45;-3181.26;7729.18;8817.43
-1
230.073;3695.06;6227.5;-3045.03;7257.58;3068.36
1
-5436.86;4606.61;-6199.96;-4983.62;-4591.2;-7218.13
-1
-3162.07;6196.19;-2283.07;-3966.82;-9008.97;-4162.88
-1
8362.06;7678.8;774.286;-1712.21;4050.68;-8032.13
1
-8752.94;-7596.84;-6642.08;-1595.98;-7548.3;5614.55
-1
1780.24;-7025.5;570.607;4753.67;162.816;-5918.01
1
-3554.92;2386.57;2073.76;418.688;3088.38;7508.02
-1
-7556.86;-1648.09;-1103.65;-2935.06;2838.86;5513.26
-1
-342.591;4401.68;-6520.07;4943.47;-4964.21;-75.6928
1
-5971.7;8966.51;3082.71;-2674.63;6512.18;7872.04
-1
-1285.7;2012.83;-8502.38;-4640.37;-3342.75;1316.8
-1
7984.62;-6319.61;1401.47;8408.18;-4968.89;453.44
1
-6345.81;4854.91;226.683;-2248.19;-2212.27;5288.11
-1
3907.18;-1900.44;-4809.97;7582.76;-7431.22;-3066.26
1
-172.451;-6698.07;-2265.59;-3022.64;-4708.3;-3521.9
1
923.914;8009.02;-3720.18;-8891.04;7260.09;3526.73
1
-1497.58;1089.68;-7603.32;5142.72;-7976.22;8409.33
-1
6796.2;8788.11;-7070.98;-5530.47;-773.007;184.147
1
-1350.56;-3648.8;1789.47;-1763.99;8680.73;2964.26
-1
-3934.77;-3952.75;-2049.22;6727.41;-116.655;758.122
-1
-8977.26;1546.01;-5426.22;-3748.11;3747.25;-3100.58
-1
-1587.71;3642.86;7478.45;-7575.57;5254.05;2741.78
-1
683.109;-6140.13;2010.06;-7055.09;-3470.55;5678.06
1
-6924.13;7831.79;5397.51;5128.28;-2064.55;-1889.53
-1
-6167.84;-3307.1;2546.8;1247.7;-795.145;5813.6
-1
-3817.84;-2582.18;7750.12;-2335.38;-1840.59;6076.6
-1
5065.44;6451.8;-3729.06;-2503.9;-7836.73;6930.63
1
-957.837;-8767.84;4689.34;3838.75;1043.9;-2670.53
1
1297.93;-4618.01;2330.02;-2028.97;-867.363;5065.69
1
-3672.08;5478.71;936.867;-5752.79;3805.74;8174.75
-1
-5361.56;-8474.19;343.788;4645.68;-6586.39;-3812.68
-1
-709.456;6619.31;-7909.53;-2156.34;-5477.36;3250.15
1
-4579.33;5658.84;-5645.32;-175.642;1441.38;1088.95
-1
-4784.49;7557.09;310.94;-646.743;-4336.57;8285.78
-1
7656.47;-5626;166.993;-3172.6;7516.72;-1897.71
1
-4596.72;6039.09;-7817.27;-4567.43;2401.79;467.337
-1
1951.91;2331.98;-4696.41;1670.19;4840.23;7739.11
1
3314.45;8603.61;-5480.82;-7087.83;8180.57;4309.82
1
5711.38;-699.518;-2964.77;5064.61;2267.2;1683.8
1
6523.34;5383.43;3086.75;2889.34;-1816.76;-5013.36
1
3500.47;8291.01;8897;-6430.2;982.141;2581.63
1
2010.81;-7005.46;8009.92;3335.79;-5221.16;4709.43
1
-450.829;5667.37;5474.15;7302.07;8820.69;-1695.74
1
-4655.7;-4932.65;4042.32;8067.55;8055.59;5374.48
-1
-729.489;4496.92;-4381.78;-2676;-4152.44;6794.92
-1
2492.48;-2922.8;-5643.07;7429.39;-2870.24;-3429.09
1
4068.5;2377.63;2153.36;-2954.83;7398.39;-5886.68
1
-1055.83;-5656.32;7432.91;4328.42;-2494.11;-3115.8
-1
-8668.41;6130.89;3055.67;-841.373;1108.92;8267.4
-1
2546.47;-7004.56;-5868.87;-5180.07;-1376.72;-3010.64
1
3444.38;6800.71;4695.92;-7542.92;305.569;8143.48
1
-3503.3;894.616;3161.78;4083.82;-5950.06;-7278.74
-1
-2187.65;6507.26;-7077.89;4410.14;-742.798;7791.92
-1
-6922.42;8767.78;3655.91;4224.76;-992.403;6339.87
-1
-4539.87;4403.31;723.013;-2318.57;3564.95;7600.44
-1
-6888.23;-4574.33;5213.77;-6501.06;469.533;-4922.89
-1
4497.31;-447.747;16.2558;1846.13;-6452.42;7097.87
1
2522.31;8934.67;-6566.89;860.972;2981.48;3380.44
1
-8666.46;-8556.57;-7061.41;-6897.96;-4057.82;-2016.66
-1
5726.82;-2235.43;-7830.87;-1597.17;-5394.51;-4323.15
1
-6769.78;-464.907;2726.61;-363.013;-4483.2;6641.65
-1
-4004.6;783.827;-5144.04;-4895.15;-4143.87;230.666
-1
7050.85;5072.49;6117.25;5939;-7668.35;533.909
1
5526.31;3998.25;-5762.2;5010.19;6947.95;-1529.31
1
-7843.05;1316.94;-6648.24;-4035.37;-7478.64;8294.05
-1
-963.551;-2477.79;-2067.36;-6560.88;6025.92;-8296.73
-1
8219.92;-1811.96;-2909.42;2554.38;-7667.56;-7197.79
1
5710.22;2083.4;-8976.17;-8158.32;7475.57;1894.62
1
-1342.44;6029.01;-7010.49;-1499.57;-5491.42;5091.56
-1
-1233.88;-6622.46;2598.79;6538.73;-8912.94;8496.32
-1
-6919.49;8373.34;-4020.07;8897.54;-8363;-4833.95
-1
-7280.83;-8495.25;5072.63;-571.19;8245.23;-3968.89
-1
-3530.97;-4356.37;-8624.34;-1787.62;-4987.32;6964.08
-1
-2064;7054.83;2113.57;2356.87;7235.06;-7728.39
-1
3650.12;7486.19;6517.17;4999.96;6544.01;6685.75
1
5127.96;-1804.5;6276.18;1831.88;-4895.81;4923.02
1
-1835.95;1464.97;-2123.03;-2337.22;-1879.62;-7854.35
-1
6822.37;4199.44;-4206.98;-6368.78;-1913.21;-3800.35
1
7803.58;-770.727;-8729.51;-1043.38;3259.97;5330.23
1
-6307.14;6164.65;6781.88;-4862.92;-7755.16;3798.59
-1
7276.18;-6573.86;661.803;4749.87;44.7139;-3809.28
1
-5438.11;-2172.17;-6956.01;8603.14;4771.66;-2533.46
-1
7758.62;1166.73;-8541.7;7212.58;-3560.42;-456.981
1
7860.24;6475.24;8764.51;2424.16;4850.71;7176.88
1
5814.62;-6821.37;-6517.19;1518.43;7677.25;-8331.09
1
4142.88;-967.5;5198.29;1701.34;-1240.48;6238.55
1
-2831.98;-6367.26;-5323.35;2779.77;824.121;7298.08
-1
7696.64;-7084.34;5486.09;-4478.02;-3842.45;-609.757
1
1418.93;1673.14;1120.87;4906.07;350.732;6636.58
1
7418.39;-6918.93;913.506;-726.205;62.44;5193.55
1
-2290.64;-5124.44;-74.8479;-7009.5;489.754;-984.806
-1
-2750.92;-8929.04;6747.37;-1420.06;-5913.47;1411.58
-1
5162.16;-8377.16;-2067.58;-599.198;5649.32;-4852.76
1
3817.39;4266.68;-6757.03;9.08914;7879.5;8622.68
1
7787.48;2295.02;5208.63;7815.7;8922.6;871.485
1
-7710.7;-1387.02;-7563.84;-53.4628;8981.07;3333.97
-1
2619.35;7442.97;3358.66;-6414.5;7811.49;-1435.75
1
-4235.79;-6662.15;7307.1;-2120.55;1215.71;8670.27
-1
7888.07;-3122.74;-8555.7;-6949.59;-5846.05;7251.02
1
7937.44;-6406.74;-7649.44;1515.06;-8912.43;4289.9
1
8326.68;1985.73;-6733.77;556.473;-1682.16;-7906.08
1
8654.85;-6649.6;8534.85;395.741;-8780.67;-1586.82
1
-7104.42;5288.26;-6464.36;-8323.01;130.135;5862.83
-1
5755.24;-7632.38;8663.68;2597.55;-4016.96;8264.52
1
7897.6;2431.89;-6038.44;-2108.56;5243.4;3702.82
1
-1818.81;2430.8;-3938.7;-7993.09;-4911.19;-3485.14
-1
9002.88;-1329.13;4978.11;3302.49;-350.495;4666.47
1
-2129.86;8994.79;3957.07;4287.55;2466.24;-1107.79
-1
6576.87;-6264.02;-1016.55;3689.43;5512.4;2779.15
1
-7511.65;-4687.69;8237.54;8169.85;-1399.08;4481.79
-1
7887.49;8845.66;6578.6;6604.32;-6401.31;-1828.06
1
-5990.17;5816.06;5080.21;-7664.98;7803.94;4974.54
-1
114.061;-5564.19;2008.64;6619.7;-4938.53;5147.88
1
-2154.03;6507.58;1763.43;7134.47;7561.2;3358.73
-1
-4017.66;1955.65;1972.91;6907.2;1504.48;7989.58
-1
4699.36;3809.83;-2774.76;-162.479;-7162.5;-4354.75
1
2080.98;435.373;-5610.52;5392.07;7679.99;1953.01
1
-6670.24;2083.37;1309.86;-6474.07;5580.96;-520.316
-1
-7241.24;-5769.45;-7627.59;-3386.9;-3792.45;781.37
-1
-1931.35;8729.53;7834.4;636.569;4670.82;3455.25
-1
286.697;8237.63;-5153.93;4658.48;-4519.56;-6274.77
1
5288.51;-2469.79;-5360.06;4021.23;-2648.2;6770.74
1
-7831.19;-424.669;-3658.71;751.299;4148.07;4484.54
-1
179.495;2957.4;7554.95;5886.35;1561.22;-8358.09
1
2375.56;7.85123;7658.82;5122.97;-6756.86;3935.65
1
1238.25;1001.54;6304.69;4556.61;-3803.52;3776.15
1
2996.86;3569.99;5790.61;-2656.34;2062.92;6407.88
1
-2587.8;-756.234;4697.95;-6325.53;7968.06;6296.72
-1
1312.64;-2455.05;8757.03;-3839.83;-2053.68;6335.99
1
8421.91;2390.57;2507.78;4991.73;-7903.78;-5641.96
1
-7751.56;-2972.85;-4265.37;-1579.31;131.126;1004.2
-1
2138.79;2990.46;2575.61;6481.86;8361.66;6111.58
1
6391.75;-8987.97;-6674.13;-7503.1;2946.1;-2062.12
1
-786.788;-3283.68;-3203.16;-5287.08;4673.76;-1100.24
-1
1444.83;-8912.89;4386.17;7965.97;8571.02;-6519.83
1
2661.71;5877.67;-5070.89;-7488.18;4966.42;-8175.91
1
-7354.34;-706.385;3214.74;8054.34;553.924;2744.65
-1
-4297.4;-7314.14;997.852;-5254.41;-614.517;1822.83
-1
3203.3;-4087.29;-6511.45;-123.198;642.94;-5159.78
1
-2028.66;2295.93;8609.49;8992.84;-6417.93;3521.89
-1
2614.17;4485.53;283.299;4741.88;8330.68;-1340.04
1
7181.98;6390.32;-7879.54;-6551.93;-2398.11;-471.943
1
-1724.6;7201.58;-4747.03;-2329.29;1791.98;5597.79
-1
1667.12;-3990.65;2666.42;443.566;718.605;3322.41
1
-2156.83;7436.84;6395.22;3150.68;-4404.6;3710.37
-1
-8806.15;1831.51;6628.97;-5780.07;-1283.38;5650.25
-1
-2259.11;-5363.39;-1706.15;-1103.8;-954.086;-4291.02
-1
-37.4404;1340.93;-2896.06;-3224.7;1661.9;-7668.22
1
-6673.85;1188.88;6743.46;8739.04;437.083;7234.91
-1
-1728.69;-1096.97;-1036.92;-7741.23;-2489.8;2738.36
-1
-8904.89;5365.9;-4055.72;8746.37;5777.54;-1218.68
-1
-5758.37;-2393.13;8853.04;-536.687;7859.95;5530.22
-1
-270.133;-7494.05;4552.66;-281.496;235.23;-6588.74
1
7227.43;-324.242;7105.23;-7301.09;-593.771;-7038.49
1
3464.16;2774.32;-1289.16;-8877.35;-3859.5;-423.324
1
-7343.64;-988.952;-462.442;-2506.25;-4770.44;8612.79
-1
-5985.21;5922.49;-2544.54;931.538;-1122.5;1796.62
-1
3196.21;8423.19;8349.92;1547.87;3086.73;8879.75
1
-8969.57;-2055.21;2143.32;-1759.03;8281.71;-8672.47
-1
-7485.79;-1951.34;6107.79;8800.63;-4566.02;-7302.3
-1
7547.18;-5652.96;-8886.93;-2048.31;6515.23;7051.95
1
-7247.36;6558.74;6969.11;-5848.61;-2645.04;6332.45
-1
-8243.14;5433.77;6164.69;-4109.26;-5144.54;-3573.42
-1
4631.2;6978.4;-5655.84;-3445.28;8742.57;4254.42
1
2282.02;-440.461;-7268.81;-1699.21;-4005.53;-5501
1
-3318.02;6142.84;-5133.71;1159.87;7790.3;-5861.98
-1
-1089.91;8767.74;-2484.93;-8499.35;1629.23;-4630.16
-1
-7846.22;69.8627;-8904.33;1615.54;-7548.84;7012.96
-1
-6679.13;-5721.24;-7517.63;-656.442;8893.78;4220.74
-1
-7011.14;5224.05;1821.99;5059.79;1165.84;7430.73
-1
-5072.74;3477.22;3499.54;-4218.89;-1321.7;-8079.81
-1
-1204.42;-5721.14;172.363;-5340.54;8763.1;1683.64
-1
738.246;5887.37;6580.93;-7045;-4348.68;4331.31
1
181.735;-4137.93;8079.67;-1479.12;-1013.05;7359.42
1
4829.26;-5594.9;-2955.12;4434.98;-1790.41;7301.01
1
3122.87;-4523.68;3580.77;5738.45;3534.77;4885.85
1
5454.86;-6776.3;2922.7;4200.2;-3115.42;6066.82
1
-3852.42;6000.97;-1727.57;5859.22;6467.35;-1273.82
-1
404.583;-1821.9;-4163.84;4964.39;8944.73;-5381.3
1
-1524.72;-5965.87;-6887.14;1464.62;1671.68;7769.76
-1
-2883.78;-7847.11;-7445.34;7189.15;2560.6;8209.46
-1
5237.74;-6574.8;-3334.1;3583.53;-6602.03;-4324.99
1
-1721.8;1940.72;-3517.75;-8546.89;5516.1;-7628.56
-1
-876.259;4857.35;-7187.73;6117.89;1404.43;-8158.31
-1
1310.31;1818.17;-2400.89;4938.04;4897.02;5227.78
1
1781.32;3783.73;1958.64;5894.23;-1271.27;4658.5
1
5869.02;2084.5;-3331.33;311.298;8119.25;-2230.83
1
1532.64;-7542.35;3154.17;-4683.17;-3968.82;-7995.06
1
5392.77;-3996.51;8378.43;-4757.29;-3763.07;-7825.25
1
6637.07;-6089.62;853.077;3557.89;2210.09;-432.156
1
6345.58;-6058.49;4789.28;-6668.44;-3206.73;-1633.67
1
-3299.59;-844.975;-8923.56;8526.12;4797.76;-5168.6
-1
1201.27;8004.67;5122.84;8280.56;-6713.92;6637.54
1
-2627.21;-886.165;-1760.35;-5065.74;-1713.01;-4914.04
-1
3137.87;-5935.71;7396.64;1986.24;5239.96;6105.53
1
-3936;-6829.09;-5070.83;-6170.77;-6411.01;-8464.3
-1
-2719.11;-8728.11;-4411.22;6731.25;5016.22;-3084.9
-1
-3660.98;-6185.49;8855.01;937.566;-5600.98;-853.371
-1
-778.632;6420.94;7903.17;948.979;1109.57;3200.11
1
-3018.87;8523.68;1472.39;6517.22;2852.47;-8509.03
-1
-4810.75;-8383.05;-7569.56;298.718;-8983.59;8023.07
-1
-6016.25;1547.45;4488.9;-5213.06;-4906.91;-6122.1
-1
-2690.9;1213.12;7580.16;-5709.38;6533.64;8669.08
-1
3207.37;4482.02;7821.56;5788.7;-2982.92;911.448
1
-4974.68;8950.62;-3277.78;-4147.16;2804.21;-1993.69
-1
-1239.33;2578.98;-529.632;-3391.12;1947.86;3536.57
-1
-5366.72;6398.53;-4926.48;7575.97;4585.41;-5940.54
-1
8756.41;3541.2;101.738;3785.64;-5716.04;3267.04
1
8758;108.512;-301.013;6164.3;-492.688;-7447.93
1
-4939.97;8606.52;-92.8894;-3290.39;3307.76;3470.6
-1
1283.98;-4964.68;2192.72;5116.81;2039.04;-8178.97
1
7134.19;5832.94;-8465.89;6028.49;6214.7;4566.44
1
1581.91;-7918.82;6897.67;-7373.06;8364.8;-1143.92
1
-1209.23;4503.77;-8498.98;6903.51;70.142;-4219.31
-1
-5238.78;-3684.5;-5725.85;8715.51;5747.7;-7264.38
-1
-1128.86;-5366.45;2154.87;3585.87;259.313;-5392.07
-1
6384.36;4571.86;-1573.27;8740.64;6.80965;-4728.08
1
-1070.68;8049.68;5846.22;-6926.55;3230.09;-7427.17
-1
-3.73071;6082.43;-7342.94;7004.02;4914.71;6625.07
1
-1110.85;1918.14;-5728.42;-8359.63;6670.23;4378.48
-1
-8331.86;5673.24;6998;3822.12;1502.6;-7250.79
-1
6316.81;-4027.23;-1683.09;4541.8;-2195.31;-5693.25
1
-939.305;-1177.21;520.851;-2191.66;-7937.69;3819.78
-1
-1855.36;3985.75;-7019.5;-5453.55;1153.44;-5635.26
-1
6155.27;-5678.24;-3058.4;8518.52;4814.91;7018.75
1
-6829.66;-1037.4;-8041.93;-8173.35;756.4;-5707.25
-1
-6933.77;-391.456;-3346.55;6443.6;-2923.7;2629.53
-1
-7592.75;-5769.84;5345.78;900.147;6092.37;3788.31
-1
2185.5;-1016.18;-2161.91;-1365.17;6259.19;3024.42
1
-1157.47;4040.53;-3018.99;266.675;-814.764;-3895.49
-1
-6628.61;-9020.55;-1303.26;5791.35;-4605.51;148.031
-1
-3294.94;8018.28;-8630;5794.44;5618.53;3967.92
-1
8059.69;-7927.75;2293.9;-5047.63;4803.64;3395.52
1
7147.21;4677.45;265.196;-6877.04;3335.85;1393.04
1
6763;6952.76;659.567;-4131.53;-7180.36;-2831.54
1
1290.79;-3865.58;-711.91;8971.3;7241.84;-4794.87
1
3937.2;-3237.79;-2310.97;-4268.85;-6195.84;8473.19
1
-4538.13;198.338;-3409.03;4576.03;2037.25;3546.03
-1
1330.63;3521.37;-3768.35;-8696.62;-4429.62;-200.865
1
3925.93;-1324.3;6095.82;7718.74;-7316.53;-7142.91
1
-2357.32;-8790.65;-4112.1;-7286.31;-3077.9;5217.47
-1
-4883.45;2795.04;-4552.31;7641.11;2311.44;2645.4
-1
-8528.69;659.152;-8270.1;-7176.66;-8251.97;-8910.97
-1
-8863.37;-290.465;966.326;5932.77;-8338.35;8623.9
-1
-2444.82;-8861.3;4200.66;5047.87;8952.97;-5913.25
-1
-8666.12;-7452.51;1439.55;6801.25;3009.59;513.878
-1
-5798.44;-4638.69;8987.06;-5969.95;-8960.44;633.124
-1
1852.2;6290.21;4402.3;4308.92;-1856.62;-3744.13
1
4069.42;1735.84;-3641.87;2879.03;4460.64;-1764.92
1
-3308.38;-1720.82;-3757.54;-6641.87;-4289.73;-8826.24
-1
6370.34;5030.01;-7501.63;3324.9;-100.684;-8978.28
1
5114.12;2566.28;3581.11;-6049.31;-4415.33;-1214.13
1
5280.12;670.306;-5721.51;3651.64;-4851.4;4705.47
1
3381.05;8669.81;-4323.09;-3659.35;5427.6;-2013.07
1
-6319.48;5911.5;-6556.49;8370.84;-1529.15;494.052
-1
-998.77;8859.88;4739.91;1473.83;9008.31;-9006.39
1
6542.02;-2188.61;-1184.98;8360.76;7014;-7918.73
1
-1570.01;-2501.51;-2196.77;350.832;-3809.16;-7436.26
-1
2949.68;-6949.49;-459.285;-6673.61;-5883.87;4167.85
1
-7902.3;-112.19;83.4773;7108.69;-1303.96;3853.89
-1
-8100.68;241.376;7832.49;6503.68;4257.1;8629.57
-1
-120.636;1921.5;2352.67;-7697.17;3093.93;7745.95
1
-1969.09;-8189.52;-6733.15;-2841.28;-8837.08;8656.87
-1
6185.89;2156.35;634.955;-5301.1;-4355.77;3838.92
1
-4146.73;-3467.89;2205.38;5264.06;931.085;-4474.68
-1
-2899.63;1903.15;8051.92;4941.27;-5051.14;-8247.19
-1
3122.31;-778.671;8000.06;2914.26;6779.99;-2340.59
1
1175.3;-2474.34;574.342;8589.7;6467.68;-6520.68
1
6786.42;-657.957;6355.48;-4993.59;4952.04;6895.58
1
4675.93;2072.27;-3618.47;-1445.61;-8859.4;-2177.12
1
5705.08;86.7267;2477.12;80.0674;-3925.84;-2036.68
1
-625.769;245.796;7851.28;777.354;-5527.25;7936.54
-1
2984.24;-7371.52;-2398.02;8404.48;-4604.38;-3296.57
1
4608.62;-7660.21;7324.5;-8089.83;-241.445;-3140.02
1
-178.727;-7560.24;6084.05;6948.75;2910.69;294.655
1
-7892.31;8221.04;7851.38;8662.05;3226.3;1461.02
-1
-4327.56;5226.28;-7404.72;-7038.12;4608.5;-3286.68
-1
1782.66;7581.85;5231.52;1093.4;-5658.74;-3838.79
1
-128.996;-7170.34;-3437.71;-3091.9;-1395.51;-7437.29
1
-5303.02;-1479.49;5588.58;-6977.03;-5998.37;5046.22
-1
-4429.22;-6949.57;-1679;1021.04;8101.11;3782.77
-1
-6681.89;-2792.43;-7528.55;-4530.36;4187.81;-5370.23
-1
7075.68;3336.89;-9023.09;-7496;-7894.69;-9014.36
1
4469.73;5601.28;6381.12;248.419;-138.991;5278.17
1
4939.09;-2139.63;4311.32;-1997.73;-1730.79;6172.51
1
-6045.77;-4152.96;4988.77;8180.5;-4270.05;1021.17
-1
-5364.75;-5258.78;8472.56;-6752.08;-384.458;-6818.05
-1
4927.91;-5305.52;1338.29;-2164.76;-3734.13;2032.21
1
-3681.84;-8329.51;-1499.32;-6611.19;3295.53;970.147
-1
-4981.38;3292.54;1922.23;-7678.73;8484.94;519.837
-1
-8055.66;-163.846;-1027.73;2491.83;6063.97;-2771.92
-1
-3628.01;5523.26;-2774.85;-3279.61;7524.81;2744.92
-1
6054.47;4685.33;-7650.84;-3986.01;1490.37;-3029.99
1
9011.05;5920.85;1642.9;-2172.3;-2446.22;-1678.62
1
7031.63;-2048.29;6669.76;7201.84;6563.39;-3278.41
1
2990.66;2994.78;-2660.45;2383.75;-1967.88;-994.196
1
-5375.47;2298.18;1374.8;4241.6;8011.83;4807.48
-1
-7661.89;4136.95;7652.38;7005.81;637.322;2528.8
-1
-2357.82;3796.75;-3354.98;-4947.35;-51.7966;7172.59
-1
-3750.63;6777.81;1082.02;1257.54;-6100.14;5471.14
-1
6298.93;4326.17;-2713.72;2913.82;-5088.78;7308.45
1
3097.15;6625.62;4306.37;8473.35;-82.1461;-1930.92
1
-8250.56;5275.56;-667.349;331.994;7933.57;-8350.89
-1
8154.99;-44.0902;-5091.39;1154.22;3183.11;-3013.93
1
899.077;-2238.21;-2412.03;105.101;633.783;5373.69
1
-3139.67;-547.634;4143.76;-4299.37;8236.79;-3591.74
-1
-1323.6;-5308.68;1939.53;1095.96;-3271.42;-7606.57
-1
1005.35;3598.3;-6382.57;3250.45;6979.47;3759.67
1
1606.37;8061.99;-3305.59;8766.94;-3493.11;3613.81
1
7372.4;453.638;-725.585;-3176.73;2702.31;-4302.53
1
4871.45;8542.49;-7049.73;5996.03;-2355.85;5503.01
1
3664.27;7041.09;-4610.1;-8399.64;77.4141;-8463.9
1
-666.621;-6192.93;1433.19;6326.56;-6882.06;4134.44
1
2145.61;-6126.01;7162.11;-8469.41;-1310.75;6073.24
1
5069.1;-6812.94;-5728.87;-3298.27;7244.24;5633.73
1
-4827.6;275.507;8865.62;-8149.49;244.997;-6889.09
-1
7955.73;-2272.7;-5809.99;-2720.65;6008.71;-1082.29
1
-2434.27;6651.56;7043.87;-4981.73;2977.8;1114.1
-1
3191.13;-4591.2;-5905.66;2876.31;593.161;7086.24
1
8832.92;1251.7;-2031.47;8464.34;8472.2;2883.17
1
5535.21;-4667.86;-7995.43;3275.83;1595.16;7558.87
1
-163.35;-6295.18;-8136.01;-4981.28;-1187.64;5850.46
1
1568.78;-8025.07;3959.34;3441.36;-217.44;1149.94
1
-1498.62;2120.82;3103.04;-765.19;8278.41;-3799.96
-1
-6258.82;7912.24;125.989;7936.29;-5084.39;2845.73
-1
1203.65;5486.89;-5123.82;4369.99;-6128.03;-762.768
1
-5698.81;5831.19;8225.41;2563.12;-3944.4;755.737
-1
-7973.69;6138.16;-5831.01;-8690.57;-4126.34;-3983.95
-1
-7580.93;8804.37;-5193.59;-319.619;4014.64;5617.89
-1
-1629.46;4709.18;-8272.12;7668.48;-6373.64;-3666.52
-1
-5880.41;-8199.32;-1615.11;-5374.44;1166.91;4695.48
-1
7834.67;-3203.42;-4194.08;-6447.18;6517.72;-6107.27
1
-582.118;1695.94;2584.75;925.722;-2155.13;7647
-1
5515.53;6325.45;5038.61;4308.53;-8558.18;2417.06
1
-7521.25;3403.11;2655.67;4748.96;-1025.67;-1385.99
-1
7250.51;1258.22;-2143.99;-3066.99;-2394.27;-4598.28
1
-1590.95;2575.92;949.781;5156.36;-6464.47;-6959.66
-1
8278.71;7865.78;-7321.33;-1188.34;-6680.1;-7470.24
1
-446.813;-3833.84;-3743.19;-5240.09;649.504;1208.82
1
-3960.5;-4171.61;-7482.65;5192.24;-4415.73;-8347.18
-1
7411.42;7332.84;-862.399;-6018.81;-1284.1;4835.84
1
-8768.12;7316.21;5782.47;1630.58;6402.65;-3972.99
-1
-7314.69;3309.59;-7256.08;-6488.57;8916.99;-4270.87
-1
-3766.61;-3444.76;4556.25;-3463.48;-1627.21;-1044.66
-1
-782.158;-244.042;7367.09;-1089.88;-7509.29;-2253.26
-1
383.6;-1651.28;2744.38;-6987.42;-1609.85;4786.37
1
-3071.45;-7748.34;6474.91;7232.93;6434.05;-1334.63
-1
-8013.14;-1955.69;-304.344;7641.47;4040.34;-8558.78
-1
-1027.33;2821.18;-1088.92;3566.98;8506.81;2641.67
-1
-4967.55;-8316.74;-8354;-5266.93;-8153.88;-4351.86
-1
-664.757;7152.82;-7281.42;5124.23;1647.64;6271.8
1
-62.466;7753.86;-278.876;-6281.28;736.186;4618.43
1
-3086.23;3623.36;-8351.49;-6835.26;5371.3;-7165.24
-1
7276.67;319.003;-5904.36;4241.92;-4391.97;2523.98
1
5178.51;-2889.93;6793.44;-1442.37;-5145.55;4680.65
1
6365.73;-4585.68;1188.48;2606.19;-3842.57;7965.75
1
-4551.13;2857.18;7557.91;2131.85;6957.62;-5602.95
-1
2788.94;6815.57;287.106;-5168.12;8536.71;-6101.19
1
4283.8;-3293.81;3635.23;-3344.33;1417.57;5625.51
1
2489.29;1417.5;-979.563;-2780.7;-5697.57;-5962.14
1
-2191.83;670.162;4099.71;737.955;7645.1;-5598.94
-1
-8081.9;687.823;-3255.83;-58.6836;1458.4;-7178.74
-1
6493.52;-473.389;-7907.64;-6920.82;3496.64;8309.73
1
793.814;-7958.71;-4717.72;-5181.84;-8187.79;7230.98
1
-556.683;-420.703;-4933.59;5665.99;7297.12;-4759.4
-1
-8613.27;6514.35;-1069.03;-8842.54;6951.48;-3947.65
-1
-1656.09;4352.1;5956.28;-6063.09;-3971.65;-1372.69
-1
3593.93;-8162.97;1045.72;7355.36;1280.69;8131.73
1
181.177;1806.35;8150.35;-4852.94;4246.05;-7098.35
1
8975.27;7806.82;3658.46;7853.85;8004.26;5723.77
1
5455.61;-1939.07;2828.07;-6917.78;8521.64;-6489.11
1
1023.2;215.229;8511.66;2380.42;-6689.05;-6950.84
1
-7888.17;-2926.82;-5160.21;-5674.5;-2036.9;7922.05
-1
-2824.18;8410.15;-202.606;-942.259;6776.79;2420.78
-1
-2293.9;2418.85;-6790.64;-327.161;5567.74;3493.54
-1
-758.325;6896.27;7058.65;8838.8;-6289.78;6291.4
1
-1142.23;-4878.65;-4970.42;-3993.65;-1361.44;-8686.41
-1
-7647.5;-8195.49;-8488.46;2065.23;-5177.83;4619.13
-1
8188.7;-7049.87;3345.24;8513.9;2580.93;-7777.94
1
5097.34;8804.43;2048.52;846.467;-1665.99;2966.74
1
3003.91;8784.26;4263.08;-3413.83;8563.24;538.967
1
2214.68;-7517.73;-644.163;-1450.71;-3861.04;1039.3
1
-8960.54;-6911.12;7487.18;-8732.26;5412.63;-5493.54
-1
216.564;703.572;-263.674;-2379.95;-102.97;1791.09
1
1003.84;8284.13;123.767;-1975.76;-4784.16;5932.05
1
67.2561;-5750.59;3891.79;-2585.19;4699.27;-6604.78
1
-2344.19;-4020.21;3941.7;1540.48;-2259.35;-5661.47
-1
7362.69;-6887.62;6687.46;-4152.91;4841.86;8047.18
1
5274.6;2491.45;-6341.02;7685.92;2766.03;7631.17
1
-8388.61;5643.49;-6435.11;267.459;-3921.39;-620.903
-1
-6740.12;5043.13;952.097;5238.9;-7830.97;304.859
-1
2169.58;375.041;7484.31;4215.14;8830.1;-6041.83
1
2943.5;-5277.37;-7428.03;8539.47;-5067.13;5577.42
1
1416.19;944.831;1185.78;-1405.1;7959.89;-7717.89
1
8419.14;-3553.8;1708.13;-5059.99;-2139.85;402.861
1
-8544.75;8148.23;-5123.58;6750.5;-4109.83;-7725.51
-1
2899.09;5191.29;-8569.77;-2735.49;8113.88;1377.9
1
-309.05;8781.28;6542.91;640.919;7686.36;-1355.78
1
-6160.58;7024.72;-5959.52;-4382.51;4150.72;-405.128
-1
8652.88;6537.73;2059.54;3019.57;3032.48;-969.577
1
1096.97;-5988.97;6492.03;-5730.2;975.325;361.438
1
554.542;-509.379;5770.4;7945.9;-1572.95;3626.96
1
5285.9;5310.5;-5678.74;5012.11;607.159;-8600.45
1
-2088.78;-6466.25;-9024.62;6575.38;-7603.97;-222.585
-1
4832.1;-3932.19;1604.98;7205.24;547.561;7890.28
1
-6869.79;8884.27;-169.16;6339.61;1475.89;2939.2
-1
-3153.45;4327.14;-4694.58;3297.27;-702.75;-1248.03
-1
2639.99;-8729.66;6481.1;109.08;1662.23;-7387.08
1
5225.71;983.068;3431.07;1641.83;-1012.05;-2252.67
1
-6965.96;-6680.58;8385.32;546.613;7442.73;7816.63
-1
6097.63;-5887.97;7630.87;2052.52;-2540.15;4587.05
1
-3112.63;4678.14;-164.919;-7826.2;4355.32;-1370.99
-1
7912.44;-4108.92;-8151.67;323.792;-3940.52;-8579.04
1
4200.83;-4856.08;-6445.98;-2711.74;2841.23;2399.26
1
-5950.74;4342.27;-8731.8;-1648.29;2546.27;1298.95
-1
160.849;2658.46;3742.92;4293.85;5952.51;2525.99
1
5487.33;-1678.59;6508.78;-3427.55;-174.427;-8076.64
1
-1437.86;-8610.4;-6844.13;5893.78;2798;-6803.52
-1
-1699.27;48.7671;-8829.7;3434.7;-7658.99;-331.578
-1
