1640035.0;1327100.0;1608296.0;1166400.0;2025288.0;2088370.0;2667586.0;2211479.0;3633166.0;11584258.0;4256622.0;2011786.0;1594777.0;1243673.0;1408912.0;2258931.0;2653118.0;1938778.0;1294017.0;1358454.0;2119212.0;1489132.0;1685208.0
+1
1719253.0;1258822.0;1260307.0;1654113.0;1486783.0;1748154.0;4348349.0;1598201.0;1937266.0;1260257.0;1341311.0;1326886.0;1095465.0;1610146.0;1287836.0;1220140.0;1560588.0;1292601.0;2041640.0;2047736.0
+1
1861554.0;1478494.0;1330324.0;1727986.0;1056184.0;1077093.0;870491.0;1761596.0;1236259.0;1811425.0;1675387.0;1870812.0;2083229.0;1420462.0;1377354.0;1323761.0;1488045.0;1380382.0;1506475.0;1309921.0;1717765.0;2138314.0
+1
2173446.0;1756116.0;1893042.0;1778244.0;3005227.0;2080778.0;2046745.0;2904179.0;7363398.0;3634430.0;1506168.0;1983527.0;1961361.0;2568942.0;2587845.0;1715973.0;1979338.0;1970157.0;1701830.0;1048628.0;1891812.0;1726780.0
-1
2350049.0;1926554.0;1832735.0;2553889.0;3020242.0;3982214.0;3377578.0;2917112.0;2167878.0;2147298.0;2242338.0;2071259.0;2205049.0;1752874.0;2338184.0;2675269.0;2579605.0;2107041.0;1868745.0;2476996.0
+1
1969857.0;2120987.0;2014246.0;2257714.0;2296760.0;2279347.0;2551309.0;1983385.0;2272942.0;2792663.0;3211738.0;3995319.0;1581296.0;1448730.0;1900717.0;2200758.0;2468403.0;1967986.0;2141834.0;2512661.0;2018546.0;1455634.0
+1
2306836.0;2301967.0;2488237.0;1992301.0;1829151.0;2299900.0;2883407.0;5804316.0;3328777.0;2037355.0;1742374.0;2454767.0;1636829.0;2028766.0;1978862.0;2157928.0;2832718.0;3433994.0;2448102.0;1738753.0;2041713.0;1807580.0
+1
2287712.0;2163295.0;1191912.0;1712684.0;1491678.0;1477590.0;1464122.0;2098176.0;1838552.0;3099791.0;1651111.0;1641413.0;2008979.0;1595678.0;2912283.0;2054238.0;2873998.0;4045034.0;2776185.0;2175425.0
+1
2265874.0;2028515.0;2205059.0;2307008.0;2054050.0;3511036.0;2765029.0;2932924.0;2729917.0;1735219.0;1198170.0;1858945.0;2167656.0;3024853.0;2840506.0;2079687.0;1870716.0;3041242.0;3746165.0
-1
1634556.0;1732972.0;1747734.0;1627833.0;2225811.0;3383596.0;5911865.0;3792336.0;3226898.0;2212357.0;2024991.0;3927990.0;2864106.0;1285125.0;1835780.0;2025751.0;1676740.0;1655967.0;2763552.0;2318140.0;2542268.0
+1
1997733.0;1403926.0;1647392.0;1182572.0;841931.0;3527849.0;1657153.0;1919799.0;3005138.0;3036763.0;2130595.0;3446306.0;2426299.0;2687956.0;1366866.0;1919476.0;1462216.0;1862735.0;1991605.0;2193948.0
+1
3164441.0;2780544.0;3041940.0;2509598.0;2205527.0;922477.0;2113011.0;2089086.0;2369716.0;3438500.0;1848939.0;1668322.0;1594639.0;1405870.0;3114084.0;2598676.0;2232438.0;1582936.0;1635894.0;2324569.0;2050471.0
+1
1537001.0;1950865.0;2403696.0;2496411.0;2916978.0;4057872.0;11483428.0;12442346.0;2292819.0;2058468.0;3020098.0;2406787.0;2383987.0;2041203.0;3003884.0;1958625.0;2737751.0;2454496.0;2208639.0;2790375.0;3168477.0
+1
2784091.0;3932272.0;5674334.0;6061033.0;3565837.0;6360376.0;2907854.0;3098782.0;2067249.0;1508307.0;2618874.0;2659302.0;2642260.0;1874004.0;2560067.0;3236308.0;3044450.0;1708169.0;1889613.0
-1
2127125.0;1627704.0;2991037.0;2058938.0;2614131.0;1429267.0;1784453.0;1909262.0;2222805.0;1758421.0;2177896.0;1717691.0;2411100.0;3662178.0;3268073.0;1434408.0;1070288.0;1322386.0;1982695.0;1782494.0;1897446.0;1977690.0;1844556.0
+1
1865890.0;2186717.0;3550174.0;1687485.0;1822973.0;2012189.0;3561818.0;6463748.0;4674637.0;1550950.0;1681568.0;1462861.0;1976558.0;2310094.0;3500946.0;1923015.0;1715020.0;2162328.0;2345901.0;1190525.0;1655563.0
+1
2522562.0;1922064.0;1692446.0;1351151.0;1582036.0;2229125.0;2011322.0;2346698.0;2076629.0;2497864.0;3002511.0;2345107.0;1954607.0;3224142.0;2662269.0;1410366.0;1759532.0;2096173.0;2340477.0;2433786.0;3058314.0
+1
2969455.0;1906629.0;2606651.0;3582472.0;1892185.0;3178016.0;3052748.0;3075829.0;5976129.0;3354518.0;4837424.0;2102339.0;1824733.0;2099726.0;1535877.0;2329546.0;2678485.0;1994515.0;2207360.0;1868187.0;1611434.0;2002424.0
+1
2407213.0;1636399.0;2093733.0;1821042.0;1933303.0;2197933.0;3058961.0;3295787.0;2670380.0;3024414.0;5693458.0;8163012.0;5756582.0;2200268.0;2485078.0;2183535.0;2319712.0;1628272.0;2044857.0;2284338.0
-1
2312245.0;1924315.0;2538808.0;2008804.0;1821467.0;1940335.0;2410320.0;2469637.0;1540778.0;2172971.0;3050457.0;2435340.0;2936857.0;2247354.0;1669376.0;2671524.0;1345428.0;1264892.0;3175216.0;1593250.0;1573214.0;2238010.0
-1
3136837.0;2847797.0;1814618.0;1937074.0;2055030.0;1967855.0;2481110.0;2449229.0;2530861.0;2426960.0;1803851.0;1816551.0;2325443.0;2265433.0;1836963.0;2092035.0;3679755.0;3169260.0;2414672.0;2320950.0
+1
2142716.0;2330967.0;3618815.0;3228004.0;4988196.0;3056391.0;3413040.0;10576774.0;6305274.0;2763190.0;1909394.0;2307338.0;1875854.0;2400582.0;4395615.0;5825720.0;1438122.0;3283277.0;2864365.0;3677850.0
+1
