1062.03
+1
1048.6
-1
1037.16
-1
1033.42
-1
1027.0
+1
1029.95
-1
1031.72
+1
1035.75
+1
1034.87
+1
1033.92
+1
1006.75
-1
1007.7
-1
1009.51
-1
1008.75
-1
1022.61
-1
1025.6
+1
1020.35
+1
1031.5
-1
1031.79
+1
1028.93
+1
1037.43
-1
1019.1
+1
1015.2
-1
1028.82
+1
1031.87
+1
1001.0
+1
1005.0
-1
1011.46
-1
976.58
+1
892.99
-1
885.87
+1
875.76
-1
866.66
-1
866.03
-1
863.84
-1
856.28
-1
865.32
+1
867.45
+1
875.0
+1
888.0
+1
882.73
+1
880.25
-1
869.08
-1
874.82
-1
878.3
-1
886.55
+1
886.5
+1
896.15
-1
898.39
+1
905.99
-1
886.35
+1
887.41
-1
896.2
+1
894.5
+1
897.4
+1
888.54
+1
890.02
-1
883.73
+1
882.44
-1
873.5
+1
860.35
-1
854.36
-1
855.76
-1
849.07
+1
850.25
-1
859.62
+1
870.0
+1
877.83
+1
872.7
+1
870.65
-1
868.35
+1
857.71
+1
861.28
-1
864.44
+1
878.37
+1
886.83
+1
886.9
+1
890.56
+1
895.49
+1
895.04
+1
904.69
+1
905.39
+1
903.44
+1
895.0
-1
892.99
-1
885.46
+1
884.9
-1
886.99
+1
893.87
+1
907.26
+1
910.7
+1
902.0
+1
886.61
-1
918.99
-1
921.0
+1
927.13
+1
924.3
+1
920.0
-1
913.0
-1
903.45
-1
911.0
-1
899.21
+1
890.01
-1
879.9
-1
890.2
-1
886.45
+1
874.9
-1
878.8
-1
873.75
+1
877.26
+1
871.88
+1
888.34
+1
893.99
+1
901.37
+1
888.65
+1
879.23
-1
880.1
-1
868.98
+1
885.46
-1
883.97
+1
882.1
+1
870.42
-1
864.3
-1
862.51
-1
867.85
+1
863.54
+1
868.12
-1
869.92
-1
875.71
-1
883.5
+1
875.26
+1
877.0
+1
902.56
-1
908.02
+1
905.0
+1
910.02
-1
919.0
+1
895.5
+1
877.5
-1
878.89
-1
875.31
+1
870.84
-1
857.0
-1
863.01
-1
848.26
+1
836.96
-1
820.1
-1
823.26
-1
819.0
+1
803.25
-1
807.6
-1
816.25
+1
808.11
+1
801.0
-1
800.6
-1
769.16
+1
785.35
-1
786.75
+1
786.59
+1
785.95
-1
791.99
+1
792.88
+1
782.92
+1
775.5
-1
778.75
-1
786.06
+1
804.25
+1
813.46
+1
804.54
+1
795.01
-1
803.99
-1
806.68
+1
813.5
+1
812.41
+1
814.74
+1
811.29
+1
816.83
+1
811.24
+1
805.0
-1
818.5
-1
826.99
+1
827.9
+1
830.71
+1
831.69
+1
834.5
-1
834.06
+1
841.02
+1
828.93
+1
805.3
-1
797.8
-1
801.1
-1
794.8
-1
795.0
-1
802.3
+1
799.26
+1
798.0
-1
805.3
+1
795.99
+1
787.4
-1
779.73
-1
780.13
-1
781.75
-1
778.4
+1
780.13
-1
769.7
-1
759.07
-1
761.13
-1
767.69
-1
758.2
+1
750.51
-1
753.74
-1
746.75
-1
751.76
-1
750.77
+1
741.24
-1
735.99
-1
704.66
-1
710.36
+1
717.71
+1
722.4
+1
719.33
+1
737.0
-1
742.0
+1
742.83
+1
732.27
+1
735.54
-1
735.45
+1
729.34
+1
724.93
-1
719.42
+1
700.0
-1
701.69
-1
707.14
+1
708.07
+1
714.51
-1
713.97
+1
723.26
-1
720.71
+1
716.6
+1
705.5
-1
699.17
-1
715.92
-1
699.23
+1
690.0
+1
685.39
-1
695.0
-1
687.59
+1
692.15
-1
695.0
+1
702.24
+1
691.31
+1
687.78
-1
668.01
-1
660.17
-1
666.44
-1
669.97
+1
668.99
+1
669.51
+1
655.7
-1
645.99
-1
650.0
-1
660.66
+1
663.0
+1
663.75
+1
654.65
-1
670.2
-1
675.0
+1
685.48
+1
684.5
+1
694.79
+1
679.5
+1
679.86
-1
676.5
-1
680.0
+1
686.8
+1
672.01
+1
681.01
-1
705.58
+1
755.54
+1
743.95
+1
740.13
-1
741.94
-1
751.85
+1
752.9
+1
741.86
+1
759.67
-1
761.0
+1
770.71
+1
762.75
+1
755.72
-1
765.2
-1
759.05
+1
754.15
-1
759.95
-1
749.85
+1
753.05
-1
731.0
+1
732.21
-1
724.47
-1
717.5
-1
707.78
-1
708.11
-1
709.6
-1
693.09
-1
689.41
-1
697.96
-1
709.76
+1
700.0
+1
685.96
-1
680.0
-1
684.55
-1
684.0
+1
684.24
-1
677.37
+1
665.0
-1
662.99
-1
675.6
-1
674.27
-1
667.38
-1
673.11
-1
675.5
+1
674.12
-1
667.51
-1
670.28
-1
659.25
+1
647.42
-1
638.59
-1
644.51
-1
639.05
+1
641.79
-1
639.61
+1
640.0
-1
625.51
-1
637.3
-1
628.26
+1
636.05
-1
618.89
+1
615.0
-1
608.32
+1
615.0
+1
600.48
+1
608.76
-1
586.14
-1
576.98
-1
578.43
-1
576.37
+1
572.15
+1
567.12
-1
576.3
-1
590.19
+1
584.95
+1
592.45
-1
588.76
+1
580.01
-1
581.82
-1
574.96
+1
565.9
-1
567.7
+1
562.76
-1
567.33
-1
568.0
+1
579.84
-1
579.81
+1
573.59
+1
562.62
-1
560.34
-1
561.3
-1
561.72
+1
569.77
+1
584.21
+1
575.85
+1
587.6
-1
576.48
+1
575.45
-1
570.22
+1
571.79
-1
588.72
+1
588.16
+1
595.81
-1
601.0
+1
609.16
+1
601.65
+1
613.44
-1
600.51
+1
625.1
-1
633.83
+1
617.96
+1
605.35
-1
600.78
-1
610.35
-1
612.96
+1
606.82
-1
605.53
-1
595.0
-1
605.92
-1
609.62
+1
601.2
-1
603.79
-1
612.99
-1
615.02
+1
610.91
+1
604.0
-1
598.24
-1
592.9
-1
604.25
-1
605.69
+1
608.05
+1
608.56
+1
623.0
-1
647.55
+1
642.35
+1
633.97
-1
633.52
-1
628.48
+1
632.24
-1
638.45
-1
645.41
+1
640.77
+1
651.75
-1
653.44
+1
652.03
+1
647.03
-1
645.0
+1
646.6
-1
638.5
+1
634.61
-1
630.92
-1
623.12
-1
620.89
-1
616.6
-1
615.0
-1
608.75
-1
600.0
-1
607.95
-1
610.04
+1
609.05
+1
608.05
+1
620.43
+1
622.0
+1
622.26
+1
618.6
-1
610.0
+1
606.59
-1
607.35
-1
607.0
-1
611.96
+1
603.87
+1
604.97
-1
602.82
+1
612.93
-1
611.54
+1
610.5
+1
607.88
-1
612.02
+1
608.64
+1
607.15
-1
595.01
+1
590.66
-1
584.87
-1
584.94
-1
583.0
+1
578.05
+1
570.78
+1
571.98
-1
577.51
+1
586.32
+1
586.0
+1
590.53
+1
640.99
+1
626.63
+1
631.98
-1
626.26
+1
631.22
+1
623.5
+1
629.75
-1
646.5
+1
659.15
+1
