36.85;37.35;37.95;37.87;36.98;37.38;37.69
+1
37.67;37.96;37.24;35.79;35.59;35.67;35.66
-1
35.53;35.63;35.61;35.88;33.82;34.35;35.02
+1
34.98;34.82;34.45;34.6;34.67;33.9;33.68
+1
33.31;33.07;33.31;33.6;33.69;33.88;33.36
+1
33.35;33.0;32.88;32.64;32.49;32.87;32.54
-1
33.41;33.48;32.99;33.42;33.38;32.77;32.72
+1
32.57;31.9;31.22;31.31;31.1;31.39;31.75
+1
33.37;32.93;33.39;33.52;34.4;35.17;32.18
+1
31.61;31.44;31.76;31.79;32.0;32.14;32.51
+1
32.46;32.77;32.24;31.54;31.55;31.9;31.69
-1
32.06;31.97;31.78;31.47;31.26;31.62;32.04
+1
31.91;31.7;32.4;35.72;36.34;36.01;35.66
+1
35.58;35.0;34.34;34.58;34.35;34.09;33.66
-1
34.41;34.75;34.38;34.52;34.12;34.08;32.94
+1
33.66;34.26;34.96;34.97;34.69;34.55;34.99
+1
35.14;35.05;35.51;35.25;34.84;34.6;35.62
-1
34.92;34.82;34.85;34.74;34.42;33.92;34.23
+1
34.79;35.1;34.73;34.13;33.64;33.45;32.86
+1
32.61;32.67;32.85;33.07;33.65;33.42;33.23
+1
32.63;32.93;32.56;31.8;31.9;31.71;30.62
-1
30.7;30.3;29.62;28.95;28.85;28.9;28.65
+1
28.85;29.1;29.57;28.73;28.73;28.22;28.39
+1
28.75;28.59;28.64;28.32;28.14;28.24;28.3
+1
28.19;28.11;28.34;28.12;27.88;28.03;28.0
+1
27.87;27.84;27.94;28.25;28.11;28.21;28.29
+1
27.85;27.72;27.88;27.42;27.38;27.97;27.68
-1
27.74;28.13;27.88;28.04;27.92;27.93;27.88
+1
27.65;27.35;27.35;27.38;27.62;27.87;27.67
-1
27.79;28.01;27.82;28.01;27.58;27.7;27.2
-1
27.3;27.1;27.19;27.15;26.83;26.9;26.49
+1
26.65;26.72;26.75;26.77;27.27;27.63;27.25
+1
26.59;26.71;26.89;27.03;27.2;27.45;27.36
-1
27.69;27.25;26.79;27.11;27.32;27.53;27.05
-1
26.56;26.82;26.81;26.38;26.5;26.78;27.05
+1
27.11;27.01;27.36;27.54;27.23;26.71;26.76
-1
26.8;26.67;26.88;27.24;27.02;28.94;28.88
+1
29.12;29.53;29.82;29.62;29.59;28.84;28.55
-1
27.86;28.19;28.16;27.76;28.73;29.05;29.65
+1
29.3;29.45;29.37;28.97;29.22;29.15;29.68
-1
29.64;30.23;29.97;29.75;29.68;29.81;30.18
+1
30.17;30.28;30.95;30.98;31.43;30.95;31.09
-1
31.1;31.19;31.01;30.89;30.94;30.69;30.83
-1
31.04;30.5;30.22;30.45;30.6;30.53;30.65
+1
30.7;30.93;30.25;30.39;30.59;30.76;30.82
+1
30.92;30.36;30.11;30.3;30.35;30.5;30.39
-1
30.21;30.07;30.0;29.53;29.21;29.59;29.48
+1
29.75;29.48;29.23;29.24;29.24;29.57;31.0
+1
30.51;29.6;29.64;29.48;28.76;29.15;29.71
-1
30.08;30.12;30.61;30.59;30.23;30.62;30.45
+1
29.98;30.19;30.0;30.3;30.3;30.96;30.93
-1
30.19;29.99;29.59;29.33;29.22;29.1;29.73
-1
29.21;29.64;28.88;28.51;28.62;28.76;29.3
+1
29.35;29.38;29.2;29.16;29.35;29.69;29.1
+1
29.79;29.99;30.31;30.64;30.82;30.69;30.86
-1
30.19;30.48;30.7;31.45;31.88;31.85;32.05
-1
31.98;32.12;32.12;31.92;32.21;32.31;32.15
-1
31.13;31.28;31.27;30.99;30.89;30.48;30.43
-1
31.06;31.22;31.15;31.66;32.16;32.22;32.4
+1
32.06;32.52;32.65;32.19;32.1;31.81;31.96
-1
32.1;32.54;32.91;32.79;32.53;32.24;31.97
+1
32.1;32.04;31.67;31.54;32.01;32.31;31.93
+1
31.88;31.41;31.24;31.48;31.2;31.45;31.18
-1
31.2;30.31;30.33;30.33;30.63;30.64;30.68
+1
30.26;30.15;30.04;30.14;29.9;29.79;29.66
+1
28.97;29.45;29.61;29.07;29.47;29.55;28.82
+1
