37.93;37.52;37.27
+1
36.92;36.85;37.35
+1
37.95;37.87;36.98
-1
37.38;37.69;37.67
-1
37.96;37.24;35.79
-1
35.59;35.67;35.66
+1
35.53;35.63;35.61
+1
35.88;33.82;34.35
-1
35.02;34.98;34.82
+1
34.45;34.6;34.67
+1
33.9;33.68;33.31
-1
33.07;33.31;33.6
+1
33.69;33.88;33.36
-1
33.35;33.0;32.88
-1
32.64;32.49;32.87
+1
32.54;33.41;33.48
+1
32.99;33.42;33.38
-1
32.77;32.72;32.57
+1
31.9;31.22;31.31
+1
31.1;31.39;31.75
+1
33.37;32.93;33.39
-1
33.52;34.4;35.17
+1
32.18;31.61;31.44
-1
31.76;31.79;32.0
+1
32.14;32.51;32.46
-1
32.77;32.24;31.54
-1
31.55;31.9;31.69
+1
32.06;31.97;31.78
-1
31.47;31.26;31.62
+1
32.04;31.91;31.7
+1
32.4;35.72;36.34
+1
36.01;35.66;35.58
-1
35.0;34.34;34.58
+1
34.35;34.09;33.66
+1
34.41;34.75;34.38
+1
34.52;34.12;34.08
-1
32.94;33.66;34.26
+1
34.96;34.97;34.69
-1
34.55;34.99;35.14
-1
35.05;35.51;35.25
-1
34.84;34.6;35.62
-1
34.92;34.82;34.85
-1
34.74;34.42;33.92
-1
34.23;34.79;35.1
+1
34.73;34.13;33.64
-1
33.45;32.86;32.61
+1
32.67;32.85;33.07
+1
33.65;33.42;33.23
-1
32.63;32.93;32.56
+1
31.8;31.9;31.71
-1
30.62;30.7;30.3
-1
29.62;28.95;28.85
-1
28.9;28.65;28.85
+1
29.1;29.57;28.73
+1
28.73;28.22;28.39
-1
28.75;28.59;28.64
+1
28.32;28.14;28.24
+1
28.3;28.19;28.11
+1
28.34;28.12;27.88
+1
28.03;28.0;27.87
+1
27.84;27.94;28.25
+1
28.11;28.21;28.29
-1
27.85;27.72;27.88
-1
27.42;27.38;27.97
+1
27.68;27.74;28.13
+1
27.88;28.04;27.92
-1
27.93;27.88;27.65
-1
27.35;27.35;27.38
+1
27.62;27.87;27.67
+1
27.79;28.01;27.82
-1
28.01;27.58;27.7
-1
27.2;27.3;27.1
+1
27.19;27.15;26.83
-1
26.9;26.49;26.65
-1
26.72;26.75;26.77
+1
27.27;27.63;27.25
+1
26.59;26.71;26.89
-1
27.03;27.2;27.45
-1
27.36;27.69;27.25
-1
26.79;27.11;27.32
-1
27.53;27.05;26.56
-1
26.82;26.81;26.38
+1
26.5;26.78;27.05
+1
27.11;27.01;27.36
-1
27.54;27.23;26.71
+1
26.76;26.8;26.67
+1
26.88;27.24;27.02
+1
28.94;28.88;29.12
-1
29.53;29.82;29.62
+1
29.59;28.84;28.55
-1
27.86;28.19;28.16
+1
27.76;28.73;29.05
-1
29.65;29.3;29.45
-1
29.37;28.97;29.22
+1
29.15;29.68;29.64
+1
30.23;29.97;29.75
-1
29.68;29.81;30.18
+1
30.17;30.28;30.95
-1
30.98;31.43;30.95
-1
31.09;31.1;31.19
-1
31.01;30.89;30.94
-1
30.69;30.83;31.04
+1
30.5;30.22;30.45
-1
30.6;30.53;30.65
+1
30.7;30.93;30.25
-1
30.39;30.59;30.76
+1
30.82;30.92;30.36
-1
30.11;30.3;30.35
+1
30.5;30.39;30.21
-1
30.07;30.0;29.53
+1
29.21;29.59;29.48
+1
29.75;29.48;29.23
-1
29.24;29.24;29.57
+1
31.0;30.51;29.6
-1
29.64;29.48;28.76
+1
29.15;29.71;30.08
+1
30.12;30.61;30.59
-1
30.23;30.62;30.45
-1
29.98;30.19;30.0
-1
30.3;30.3;30.96
-1
30.93;30.19;29.99
+1
29.59;29.33;29.22
+1
29.1;29.73;29.21
+1
29.64;28.88;28.51
-1
28.62;28.76;29.3
+1
29.35;29.38;29.2
-1
29.16;29.35;29.69
+1
29.1;29.79;29.99
-1
30.31;30.64;30.82
-1
30.69;30.86;30.19
-1
30.48;30.7;31.45
-1
31.88;31.85;32.05
-1
31.98;32.12;32.12
-1
31.92;32.21;32.31
-1
32.15;31.13;31.28
-1
31.27;30.99;30.89
+1
30.48;30.43;31.06
+1
31.22;31.15;31.66
+1
32.16;32.22;32.4
+1
32.06;32.52;32.65
-1
32.19;32.1;31.81
-1
31.96;32.1;32.54
+1
32.91;32.79;32.53
-1
32.24;31.97;32.1
+1
32.04;31.67;31.54
+1
32.01;32.31;31.93
+1
31.88;31.41;31.24
-1
31.48;31.2;31.45
+1
31.18;31.2;30.31
+1
30.33;30.33;30.63
-1
30.64;30.68;30.26
-1
30.15;30.04;30.14
-1
29.9;29.79;29.66
-1
28.97;29.45;29.61
+1
29.07;29.47;29.55
-1
28.82;28.16;28.31
-1
28.4;27.93;27.87
+1
27.43;27.93;28.05
+1
