37.57
-1
37.57
-1
37.93
+1
37.52
+1
37.27
-1
36.92
-1
36.85
-1
37.35
+1
37.95
+1
37.87
+1
36.98
-1
37.38
-1
37.69
+1
37.67
+1
37.96
-1
37.24
+1
35.79
-1
35.59
-1
35.67
-1
35.66
+1
35.53
+1
35.63
-1
35.61
+1
35.88
+1
33.82
+1
34.35
+1
35.02
+1
34.98
+1
34.82
-1
34.45
-1
34.6
-1
34.67
-1
33.9
+1
33.68
-1
33.31
-1
33.07
-1
33.6
+1
33.69
+1
33.88
-1
33.36
+1
33.35
-1
33.0
-1
32.88
-1
32.64
-1
32.49
-1
32.87
-1
32.54
+1
33.41
-1
33.48
+1
32.99
-1
33.42
-1
33.38
+1
32.77
+1
32.72
-1
32.57
+1
31.9
-1
31.22
-1
31.31
-1
31.1
+1
31.39
-1
31.75
+1
33.37
-1
32.93
-1
33.39
-1
33.52
+1
34.4
+1
35.17
+1
32.18
+1
31.61
-1
31.76
-1
31.79
+1
32.0
-1
32.14
+1
32.51
-1
32.46
+1
32.77
-1
32.24
+1
31.54
-1
31.55
-1
31.9
-1
31.69
+1
32.06
-1
31.97
+1
31.78
+1
31.47
-1
31.26
-1
31.62
-1
32.04
+1
31.91
+1
31.7
+1
32.4
-1
35.72
+1
36.34
+1
36.01
+1
35.66
-1
35.58
-1
35.0
-1
34.34
-1
34.58
-1
34.35
+1
34.09
+1
33.66
-1
34.41
-1
34.75
+1
34.38
+1
34.52
-1
34.12
-1
34.08
-1
32.94
+1
33.66
-1
34.26
+1
34.96
+1
34.97
+1
34.69
-1
34.55
-1
34.99
+1
35.14
+1
35.05
+1
35.51
+1
35.25
+1
34.84
-1
34.6
-1
35.62
-1
34.92
+1
34.82
-1
34.85
-1
34.74
-1
34.42
-1
33.92
-1
34.23
-1
34.79
+1
35.1
+1
34.73
+1
34.13
-1
33.64
-1
33.45
-1
32.86
-1
32.61
-1
32.67
-1
32.85
-1
33.07
+1
33.65
+1
33.42
+1
33.23
-1
32.63
-1
32.93
-1
32.56
+1
31.8
-1
31.9
-1
31.71
+1
30.62
-1
30.7
-1
30.3
+1
29.62
-1
28.95
-1
28.85
+1
28.9
+1
28.65
-1
28.85
-1
29.1
+1
29.57
+1
28.73
-1
28.73
-1
28.22
+1
28.39
-1
28.75
-1
28.59
+1
28.64
-1
28.32
+1
28.14
-1
28.24
-1
28.3
+1
28.19
+1
28.11
-1
28.12
+1
27.88
-1
28.03
-1
28.0
-1
27.87
-1
27.84
-1
27.94
-1
28.25
+1
28.11
+1
28.21
-1
28.29
+1
27.85
-1
27.72
-1
27.88
-1
27.42
+1
27.38
-1
27.97
+1
27.68
+1
27.74
-1
28.13
+1
27.88
+1
28.04
-1
27.92
+1
27.93
-1
27.88
-1
27.35
-1
27.35
-1
27.38
+1
27.62
+1
27.87
+1
27.67
+1
27.79
-1
28.01
+1
27.82
+1
28.01
-1
27.58
+1
27.7
-1
27.2
+1
27.3
-1
27.1
+1
27.19
-1
27.15
-1
26.83
+1
26.9
-1
26.49
+1
26.65
-1
26.72
+1
26.75
+1
26.77
+1
27.27
+1
27.63
+1
27.25
+1
26.59
-1
26.71
-1
26.89
+1
27.03
-1
27.2
+1
27.45
+1
27.69
-1
27.25
+1
26.79
-1
27.11
-1
27.32
+1
27.53
+1
27.05
+1
26.56
-1
26.82
-1
26.81
+1
26.38
+1
26.5
-1
26.78
+1
27.05
+1
27.11
+1
27.01
+1
27.36
-1
27.54
+1
27.23
+1
26.71
-1
26.76
-1
26.8
+1
26.67
+1
26.88
+1
27.24
+1
27.02
+1
28.94
-1
28.88
+1
29.12
+1
29.53
+1
29.82
+1
29.62
-1
29.59
-1
28.84
+1
28.55
-1
27.86
+1
28.19
-1
28.16
+1
27.76
+1
28.73
-1
29.05
+1
29.65
+1
29.3
+1
29.45
-1
29.37
-1
28.97
-1
29.22
-1
29.15
+1
29.68
+1
29.64
+1
30.23
-1
29.97
+1
29.75
-1
29.68
-1
29.81
+1
30.18
+1
30.17
+1
30.28
+1
30.95
+1
30.98
+1
31.43
+1
30.95
+1
31.09
-1
31.1
+1
31.19
-1
31.01
-1
30.89
-1
30.94
-1
30.69
+1
30.83
-1
31.04
+1
30.5
+1
30.22
-1
30.45
-1
30.6
+1
30.53
-1
30.65
+1
30.93
+1
30.25
+1
30.39
-1
30.59
+1
30.76
+1
30.82
-1
30.92
+1
30.36
+1
30.11
-1
30.3
-1
30.35
+1
30.5
-1
30.39
+1
30.21
-1
30.07
-1
30.0
-1
29.53
+1
29.21
-1
29.59
+1
29.48
+1
29.75
+1
29.48
+1
29.23
-1
29.24
+1
29.24
+1
29.57
+1
31.0
+1
30.51
+1
29.6
-1
29.64
-1
29.48
-1
28.76
+1
29.15
-1
29.71
+1
30.08
+1
30.12
+1
30.61
+1
30.59
+1
30.23
-1
30.62
-1
30.45
+1
29.98
-1
30.19
+1
30.0
+1
30.3
-1
30.3
+1
30.96
-1
30.93
+1
29.99
-1
29.59
+1
29.33
-1
29.22
-1
29.1
+1
29.73
-1
29.21
+1
29.64
-1
28.88
+1
28.51
-1
28.62
+1
28.76
+1
29.3
+1
29.35
+1
29.38
+1
29.2
-1
29.16
+1
29.35
+1
29.69
+1
29.1
-1
29.79
-1
29.99
+1
30.31
+1
30.64
+1
30.82
+1
30.69
+1
30.86
-1
30.19
+1
30.48
-1
30.7
-1
31.45
+1
31.88
+1
31.85
+1
32.05
+1
31.98
+1
32.12
-1
32.12
+1
31.92
+1
32.21
-1
32.31
+1
32.15
+1
31.13
-1
31.28
+1
31.27
+1
30.99
-1
30.89
-1
30.48
+1
30.43
-1
31.06
+1
31.22
+1
31.15
+1
31.66
-1
32.16
+1
32.22
+1
32.4
-1
32.06
+1
32.52
-1
32.65
+1
32.19
+1
32.1
-1
31.81
+1
31.96
-1
32.1
+1
32.54
+1
32.91
+1
32.79
+1
32.53
-1
32.24
-1
31.97
-1
32.1
-1
32.04
+1
31.67
+1
31.54
-1
32.01
-1
32.31
+1
31.93
+1
31.88
-1
31.41
+1
31.24
-1
31.48
-1
31.45
-1
31.18
+1
31.2
-1
30.31
-1
30.33
-1
30.33
+1
30.63
+1
30.64
+1
30.68
+1
30.26
-1
30.15
-1
30.04
-1
30.14
-1
29.9
-1
29.79
-1
29.66
-1
28.97
+1
29.45
-1
29.61
+1
29.07
+1
29.47
-1
29.55
+1
28.82
-1
28.16
-1
28.31
+1
28.4
+1
27.93
+1
27.87
-1
27.43
-1
27.93
-1
28.05
+1
27.53
+1
27.38
-1
26.82
-1
