-16.9602
15
1.13478
1
34.98;34.82;34.45;34.6;34.67;33.9;33.68;33.31;33.07;33.31;33.6;33.69;33.88;33.36
0.196793
1
33.35;33;32.88;32.64;32.49;32.87;32.54;33.41;33.48;32.99;33.42;33.38;32.77;32.72
6.35066
-1
32.06;31.97;31.78;31.47;31.26;31.62;32.04;31.91;31.7;32.4;35.72;36.34;36.01;35.66
2.52921
1
33.66;34.26;34.96;34.97;34.69;34.55;34.99;35.14;35.05;35.51;35.25;34.84;34.6;35.62
7.91738
1
32.61;32.67;32.85;33.07;33.65;33.42;33.23;32.63;32.93;32.56;31.8;31.9;31.71;30.62
5.8976
1
27.87;27.84;27.94;28.25;28.11;28.21;28.29;27.85;27.72;27.88;27.42;27.38;27.97;27.68
37.7006
1
27.74;28.13;27.88;28.04;27.92;27.93;27.88;27.65;27.35;27.35;27.38;27.62;27.87;27.67
32.7373
-1
27.79;28.01;27.82;28.01;27.58;27.7;27.2;27.3;27.1;27.19;27.15;26.83;26.9;26.49
24.9217
-1
27.69;27.25;26.79;27.11;27.32;27.53;27.05;26.56;26.82;26.81;26.38;26.5;26.78;27.05
6.90012
1
27.11;27.01;27.36;27.54;27.23;26.71;26.76;26.8;26.67;26.88;27.24;27.02;28.94;28.88
5.84225
-1
29.3;29.45;29.37;28.97;29.22;29.15;29.68;29.64;30.23;29.97;29.75;29.68;29.81;30.18
40.1017
1
29.35;29.38;29.2;29.16;29.35;29.69;29.1;29.79;29.99;30.31;30.64;30.82;30.69;30.86
23.5077
-1
30.19;30.48;30.7;31.45;31.88;31.85;32.05;31.98;32.12;32.12;31.92;32.21;32.31;32.15
19.2872
-1
31.13;31.28;31.27;30.99;30.89;30.48;30.43;31.06;31.22;31.15;31.66;32.16;32.22;32.4
10.2686
1
31.2;30.31;30.33;30.33;30.63;30.64;30.68;30.26;30.15;30.04;30.14;29.9;29.79;29.66
