-469.618;-2138.7;-2008.98;620.733;1108.27;-2160.54;2364.1;-2225.41
1
-1989.48;3609.88;353.255;-1717.78;3749.13;-763.388;-55.6125;-2085.54
1
556.279;-2765.98;3900.16;3556.82;3848.05;3689.08;1629.21;3895.29
1
-122.811;-569.524;510.814;-3137.04;-1869.08;-3147.82;448.105;-3837.88
1
-2713.46;95.0847;1227.44;-428.593;-3366.47;1783.12;-2332.91;1416.83
1
2459.09;-3806.79;-3381.16;1803.49;1560.48;2936.96;-1948.51;-1188.1
-1
1068.47;-2094.47;2784.81;1119.04;-3669.63;1567.27;1737.32;3589.56
-1
-3673.82;-3178.06;2830.27;2219.97;-2590.95;-35.427;2072.73;1786.53
1
-1588.07;2342.04;-616.949;-3419.37;245.357;2950.49;2811.26;3708.53
1
338.052;-723.374;-2425.9;-3888.27;3055.19;-2215.94;-795.635;-1899.79
-1
-3236.8;-2880.82;-1159.26;-1002.28;-2942.63;-2928.87;2473.95;3016.23
1
1561.5;1740.62;-2303.73;-2516.62;-1416.59;3119.89;-1638.59;-1049.35
-1
2569.2;2799.71;3011.31;3352.5;3553.1;2361.07;714.249;-2203.49
-1
-3752.53;3393.59;2219.01;3053.58;143.149;2983.21;3560.37;-3761.75
1
-604.459;193.933;741.82;2755.92;854.435;1857.46;509.738;-2572.17
1
-2096.5;2881.67;1092.71;-2222.65;-3547.88;2409.37;-3113.12;1358.02
1
-2669.48;-2525.77;85.0612;2221.19;2721.78;-1847.73;-883.161;3622.89
1
-2801.35;-9.31998;-1785.8;-903.993;748.108;1046.71;-1273.91;2995.83
1
2278.44;1292.52;-1587.37;653.015;-1314.9;984.778;-1672.27;-891.63
-1
-3192.38;-2435.19;1607.1;-2827.31;2883.09;894.093;-2636.92;1280.51
1
2609.76;-2869.7;2970.9;-3423.96;2692.33;497.578;-2999.39;-109.816
-1
-3013.15;101.979;-2978.95;3615.07;-2440.11;-2919.53;3810.6;-2386.32
1
-2234.78;-858.854;3439.17;-2243.94;-3846.74;-2472.56;-2112.2;-2039.58
1
-3858.59;-883.325;-997.995;-468.061;763.432;-2708.75;3104.08;-3325.54
1
-3681.05;-3883.32;-1482.61;-2776.24;-2468.2;2181.23;-3205.27;-3616.01
1
3717.12;-3307.27;3592.82;-1309.33;-1190.21;2150.12;-1530.96;-108.982
-1
-3748.04;1210.54;-3001.95;-57.2357;2589.64;2300.42;926.364;2366.78
1
1493.31;132.985;3845.45;3350.4;-645.231;-867.975;410.103;-2003.49
-1
-950.421;1232.54;770.715;1749.5;29.6261;-220.847;160.81;-3754.79
1
-657.639;937.222;-629.385;-1117.67;989.885;-1865.89;410.76;-28.2401
1
-2541.77;2619.22;-365.198;-636.145;2942.83;-3572.53;2783.39;2738.14
1
576.131;-910.357;2844.88;-2335.16;594.298;-448.171;2520.95;462.175
-1
-3440.52;-1270.04;1260.19;-1546.85;252.411;-1042.84;-3486.13;-3644.17
1
-2697.22;-3200.44;769.458;552.768;-1790.96;3485.38;1804.16;1122.62
1
-3001.29;-3144.19;1068.64;2957.86;-3721.28;-2981.06;1733.08;655.339
1
3361.67;-809.711;606.948;-203.19;-2978.76;-3264.09;-650.114;2838.24
-1
-2794.98;3318.21;-486.37;-3116.28;3066.15;1516.09;-3026.74;3820.79
1
-856.562;-223.045;-3639.68;-2635.73;2501.12;-2450.3;-2521.66;1690.51
1
2688.75;-3642.08;2816.93;-2799.27;1502.76;-920.496;1666.48;3566.67
-1
1702.29;-284.201;3616.5;793.203;2908.09;-1084.08;2267.24;390.092
-1
764.342;-1091.4;2875.56;1568.12;2185.42;-3896.98;275.415;-265.611
-1
693.759;-3870.18;-2954.51;1257.93;-423.771;3020.8;3469.09;3474.02
1
805.4;-1578.02;2295.15;3884.55;-2632.16;-957.313;426.753;2531.42
-1
-3072.87;-1660.51;3722.38;-1726.54;424.866;-136.827;3621.75;755.799
1
2197.2;1726.3;2378.86;-3308.29;3848;3747.57;3730.08;596.306
-1
-2576.19;3724.15;-2298.2;-1272.2;300.039;-2102.39;-2573.84;383.594
1
-528.522;2908.24;-2247.21;2095.95;2511.92;816.456;-2466.35;-1947.54
1
2044.33;-2492.5;-3290.43;3002.68;2099.06;-1356.8;1701.73;1893.32
-1
-2112.82;-1722.19;2746.25;-2435.39;55.711;1471.69;-2077.34;683.95
1
-3301.57;3839.55;-1797.87;356.621;-774.986;-660.244;2285.04;-1367.7
1
-3357.93;2835.65;-1916.39;1279.95;-791.876;1806.85;-2617.62;2967.4
1
1763.36;-3893.27;2870.88;-3787.5;2466.7;-198.828;-459.568;1147.88
-1
2893.85;-2610.97;-1658.06;-3203.9;1049.87;3513.69;-3490.5;754.947
-1
-2402.28;1887.32;-301.301;188.29;-3396.42;2877.37;3348.87;2408.61
1
2973.15;-3507.14;1384.73;2817.87;1054.73;-1913.79;-2218.34;2304.78
-1
-3270.5;3256.64;1323.24;-2913.8;-3676.63;2887.27;-3392.94;2812.63
1
2036.52;-233.785;-3490.88;-379.65;3406.57;334.681;-1142.46;2635.18
-1
-900.414;-626.418;1563.39;-3354.04;1410.97;-2627.47;95.5246;1628.49
1
1083.78;3633.1;60.6638;-1891.25;-975.186;3387;-3720.28;3136.64
-1
-2993.03;-856.049;3598.24;-1002.48;-624.689;3613.1;-2914.62;-3423.98
1
-2776.37;752.763;-153.611;3094.66;-2334.35;3359.04;1962.06;773.121
1
-1700.94;1759.63;1006.8;-3603.84;3098.11;856.164;-3627.29;-2549.67
1
936.635;3806.76;-3192.92;-1972.69;649.858;454.504;1184.41;-521.431
1
1542.36;-322.794;-3440.17;-820.973;2831.32;2809.63;1841.89;3697.17
-1
2966.22;-427.925;1182.99;-3672.12;2525.79;2743.99;1911.67;2879.28
-1
2510.23;-1935.69;335.137;2598.08;3090.01;1526.83;-1839.08;-1392.89
-1
-2312.03;-1381.29;3219.34;1759.55;-1635.44;-898.424;3426.61;433.016
1
2331.51;-2859.04;-551.037;-3237.84;-3315.17;-3042.92;-3025.16;-1155.32
-1
-2727.43;2909.02;-1434.21;462.917;-3894.16;811.129;3032.67;3772.05
1
3864.78;-1092.33;-417.831;-3373.99;-3248.1;2112.05;3436.06;-3145.09
-1
-3086.53;3412.34;-3296.52;-2545.09;-3430.97;292.717;-2532.64;738.807
1
1657.67;-1289.4;-722.322;-1178.64;-1328.02;-1330.81;3821.52;2244.22
-1
-2690.03;-1937.58;455.202;3066.73;-623.779;-2024.39;677.232;2470.13
1
-178.872;-2959.46;-2775.99;2442.65;3336.77;-72.5298;-310.491;1332.68
1
238.219;2294.71;1155.82;1214.68;2515.58;-1709.92;3831.43;2946.35
1
90.2505;-1593.88;-1726.43;2394.87;2848.23;312.43;-2718.7;-2708.71
1
1925.9;1816.49;836.086;-1065.12;-1869.13;-2834.59;-389.563;535.279
-1
-3580.79;1905.97;857.37;367.35;-1105.67;-2171.03;418.483;-2853.73
1
152.38;2441.57;-919.737;-1137.69;-1009.75;1542.95;2198.09;807.777
1
-3395.51;-1131.24;3281.75;-3492.38;434.003;-3681.74;1391;835.166
1
1207.04;513.61;-1068.58;-3603.15;-1432.76;1524.75;3453.43;-1677.69
-1
3114.29;306.168;-1512.81;-2388.04;2540.57;-3669.32;3318.73;1560.57
-1
-2666.05;-3807.29;-2631.18;853.468;-55.1114;904.9;2754.83;563.209
1
697.938;-1968.55;-1959.46;-1095.33;-3855.29;1362.83;-2096.93;-1170.71
-1
511.561;-2002.57;3683.23;3041.33;3107.46;3105.06;-2279.45;-2701.36
1
-2341.15;-3148.82;-1360.6;-949.515;3259.45;429.644;-3088.92;3533.4
1
-804.415;2726.68;1122.45;2736.02;717.681;-4.84827;-2043.25;-1271.71
1
-1245.36;1563.02;968.376;-2262.46;3245.36;-2964.73;-2395.06;2876.75
1
-2690.95;532.645;3508.14;-2026.95;379.564;-2096.59;-1184.45;-3704.86
1
-3278.52;-690.288;-3644.35;3678.87;-827.746;3889.86;752.483;-3034.12
1
-3.55577;621.555;2355.22;2064.7;821.137;-1893.29;829.31;1178.31
1
214.642;-2545.32;1556.17;-2353.61;1596.82;3423.27;2747.72;-2067.7
1
-1684.13;143.364;1146.98;2691.82;-1254.4;2725.13;504.151;3562.17
1
841.282;13.1064;-184.547;2821.25;2088.25;2087.56;-1277.59;3508.78
-1
1258.4;-2160.69;120.126;-948.364;-1710.36;-1234.06;3645.27;1065.49
-1
-1578.66;2467.72;1382.44;-2266.64;813.463;-1586.28;-3277.35;1250.01
1
-3805.26;-1695.7;2593.32;-3388.31;-3073.49;-1779.46;1763.51;-1035.43
1
2200.9;-3539.88;-2006.88;-374.824;1218.82;3799.54;-2029.7;2600.69
-1
3162.96;3568.71;919.429;-3663.79;-2188.4;2930.96;-622.488;892.485
-1
-1999.01;-645.91;-1548.5;2356.82;-2197.52;-2462.59;2268.75;3274.07
1
-54.0907;148.2;2474.42;1733.96;-238.39;3814.93;2405.74;-3473.06
1
-1673.46;1132.02;-3026.45;1113.35;1574.47;3700.42;912.937;423.989
1
15.233;-2928.4;794.787;2066.53;673.061;2472;-2349.32;1796.46
1
3802.59;-215.173;1236.16;1168.07;3452.17;-1432.72;-1733.47;1988.61
-1
-3374.63;-686.99;-1201.54;-1633.52;912.42;486.016;-1307.88;-508.073
1
-3856.82;3723.03;-2731.18;3223.5;600.647;2645.55;-61.846;-1820.66
1
-3211.68;-3497.24;-1100.68;-2124.83;926.19;1733.51;1186.84;2518.56
1
-3341.87;-3214.23;3846.69;-174.424;-1803.61;339.907;2120.63;1584.23
1
-2651.55;3043.54;806.48;2641.64;1662.58;-967.004;-31.2498;-486.402
1
1528.38;-3237.79;1122.92;3720.22;-2647.17;-1727.16;2048.57;-1929.25
-1
-1465.25;-1860.2;-503.245;1554.68;3602.51;-488.423;220.089;2714.32
1
-2451.58;-1220.38;-3408.36;2975.38;-2450.24;38.3217;1731.94;221.936
1
-2779.54;1144.48;2244.7;1126.18;-3896.44;3652.97;-1256.41;-1971.15
1
-3015.09;-1227.84;2555.41;18.3328;3356.68;1239.23;2804.12;-3060.75
1
3346.2;-3863.04;-2169.82;-3552.47;1777.36;-293.184;-2467.51;-2126.88
-1
2618.6;-702.717;-1192.63;3602.57;-2927.99;541.635;2113;561.424
-1
-2880.77;3642.11;2995.73;-1465.11;3038.04;631.694;455.262;3811.74
1
-3799.61;3504.91;3055.33;-1286.84;2407.62;573.46;-1641.75;251.649
1
344.09;2036.4;-497.593;-3317.95;-268.879;3108.17;3350.5;3431.79
1
-464.857;-2062.78;2213.99;681.223;-741.2;3643.48;-3574.06;-2115.72
1
-1744.97;-2960.76;-340.183;1214.73;639.548;1328.58;-3466.51;-110.796
1
1043.66;1039.48;1958.93;-244.856;-3147.38;948.504;194.384;-3510.81
-1
2907.85;-892.956;3086.39;638.412;1135.62;2311.15;-2612.97;3247.36
-1
3735;1168.7;453.893;1437.54;1876.01;3845.82;-3230.92;1966.4
-1
364.253;-297.394;1164.41;-3068.54;-2979.79;3617.68;-1661.21;-2388.22
-1
-1249.12;-2203.76;1186.54;-916.348;2476.83;2812.28;-169.257;1329.21
1
-2507.39;-3172.15;-1107.22;-2692.13;3530.92;3566.21;945.311;-3469.9
1
-1000.69;2428.39;2638.67;1169.17;890.763;3335.37;-2273.15;-2203.62
1
962.251;-361.692;-1607.64;-3745.93;602.845;1888.08;2893.69;-1796.87
-1
-2193.41;-2543.67;2537.08;713.351;1869.05;298.362;2082.14;-91.2597
1
-982.951;1308.69;-190.896;2526.72;1221.57;279.645;-2347.75;66.339
1
190.173;1430.02;-1046.42;-3025.73;1074.04;2636.8;2427.67;1205.46
1
2636.75;-2028.15;-3538.73;-556.074;-579.726;3735.46;-280.498;948.8
-1
1794.25;2164.36;-3794.56;-2385.9;362.236;-1636.17;1292.75;2920.8
-1
-3636.74;-434.965;-1766.09;2509.66;3760.18;2828.37;647.851;-2006.96
1
-249.794;3051.71;-3633.14;2927.51;871.771;-2552.18;1256.84;-3407.85
1
280.345;2400.08;-1781.73;-2307.03;358.892;970.934;-735.167;3190.54
1
2979.02;-1559.86;-97.6721;757.008;3035.75;14.4435;-1219.07;3104.2
-1
3608.46;-3714.52;1767.2;2089.28;-2731.79;-850.321;759.453;1527.57
-1
2042.25;646.119;-0.35685;3714.72;-3630.86;-1335.55;2271.61;2915.03
-1
-1139.4;-1675.44;3462.92;3586.48;1098.26;3871.01;-1064.71;-1623.4
1
770.333;-934.013;-1309;-1706.1;1254.23;-594.838;-3180.51;1620.22
-1
1573.72;777.786;377.381;234.358;444.142;620.006;-3616.44;2120.14
-1
-164.352;-3541.41;-214.199;-2849.19;-2220.27;3300.72;-2746.43;-2548.16
1
3656.75;787.462;-3414.21;2557.88;259.985;2127.62;1135.54;-1335.06
-1
1971.9;-1857.33;-1494.51;142.127;2379.93;-1199.31;1647.2;-468.439
-1
-1831.11;-1987.45;246.481;1241.92;-1046.05;3581.63;3247.75;918.824
1
-87.1148;1087.37;641.139;-556.46;1589.05;3698.36;-452.199;588.697
1
2428.61;-149.534;-3637.64;3507.57;-265.137;134.548;1744.83;2953.61
-1
2260.89;-690.866;1961.17;-1241.92;2690.4;2627.34;2622.3;93.6888
-1
-3066.1;-3032.38;-3601.79;3672.83;-2791.75;3804.56;-3392.35;3523.4
1
-1688.3;-1631.03;-1855.43;-3303.38;2296.59;-1434.45;-1583.74;2019.77
1
3750.85;-3502.62;2038.92;1985.63;3790.34;-1938.28;3744.8;-2103.77
-1
1171.91;2007.49;-3162.15;-1257.59;-662.251;-1733.97;-3241.75;-2316.53
-1
-2363.64;1145.76;2472.79;2245.56;-3597.46;2765.34;-2407.59;2395.15
1
-1390.24;2211.98;-572.881;2752.53;-897.771;-22.2439;-2624.49;-374.1
1
474.071;1850.97;-274.235;70.1919;-281.076;-3685.71;2514.71;2780.09
1
-574.338;-1186.73;-1357.83;2507.85;1481.12;-3103.67;-3049.18;-1836.95
1
1856.06;-3680.97;465.264;574.568;753.286;-343.67;-1012.58;3075.25
-1
3726.1;-872.387;1895.18;2518.59;-432.073;-3608.95;-13.5354;241.424
-1
303.988;-1188.81;-2429.39;-634.595;-490.536;1468.25;2382.72;-3294.51
1
3617.08;-892.361;656.795;-582.434;466.249;3817.29;-1983.78;1340.13
-1
3574.93;2385.46;2473.6;1524.84;76.7647;-2267.58;1164.68;727.353
-1
-1906.86;-144.952;-3644.59;2668;157.333;-3136.33;-1875.42;-3671.1
1
1143.05;1945.47;-1270.66;1425.84;-53.7343;-2125.05;2169.12;-1888.08
-1
-403.302;-3369.05;513.259;1599.73;3301.88;-739.704;-3768.74;-1684.61
1
-3828.89;3626.73;-23.3712;-2526.43;-2297.05;-3729.35;3653.57;113.905
1
1288.43;2418.86;-585.871;503.243;1821.53;3369.91;45.149;2840.31
-1
-1837.65;2590.69;59.9688;-2336.95;2478.22;1523.35;2522.64;-2969.52
1
3136.48;374.551;-1735.32;-3397.58;-2222.95;-1094.79;-907.594;-3697.82
-1
-1455.35;119.246;1722.3;-950.382;-645.014;3398.12;562.456;-1892.9
1
629.594;-2373.42;936.582;3749.94;-2952.58;419.577;-2822.15;1959.17
1
3466.57;-826.882;2106.72;-2024;-1867.76;3116.52;-2943.21;439.32
-1
-1686.4;69.4499;2530.98;-1754.68;-3698.31;1903.51;-25.771;-2336.69
1
580.583;3734.01;-3781.24;3708.7;-647.803;1172.32;2663.39;1990.4
1
-2303.28;-53.5233;783.641;134.929;-573.886;3672.23;-2933.69;2630.69
1
-444.207;2775.81;-624.962;-3385.96;-2151.76;-3255.19;3145.14;-1886.42
1
-982.068;-719.153;1941.55;2806.95;2485.76;587.971;-378.978;3425.59
1
2667.83;-2367.34;3816.77;-2137.6;3375.24;-2799.35;350.751;-2046.6
-1
1675.74;-1907.08;3069.41;201.501;954.217;2951.99;2861.46;1549.81
-1
-2361.21;435.745;-3157.46;1137.86;2864.08;-3852.05;2901.52;-1895.06
1
-3442.69;-2166.87;-2008.15;-3726.43;-832.715;-845.585;1405.72;-297.76
1
2099.3;87.3354;1946.59;2675.76;15.5348;1434.95;128.222;-3127.97
-1
-1788.99;910.624;2182.46;-1812.21;1774.57;2326.34;-3094.92;2908.19
1
-2376.51;1288.32;-2584.19;2760.25;1568.97;-1748.67;3216.17;1931.63
1
-2099.35;-3800.58;-3003.92;-1447.81;1827.49;707.207;-2310.75;-2105.34
1
-3589.74;3701.11;-1006.13;-676.813;-522.728;-2659.16;1574.35;-3367.66
1
3566.34;1314.52;-225.923;3057.03;3700.18;571.349;3808.73;-2594.78
-1
-1534.34;1559.39;-3733.73;1640.3;-2147.6;-742.318;-1289.11;3898.32
1
-2457.88;-285.583;-253.326;-1263.81;2286.07;913.907;2881.68;-2520.34
1
-1059.74;2398.72;-3044.29;244.734;1621.95;-3145.97;2832.61;1689.18
1
1610.42;3136.78;959.387;-1893.57;-1229.17;3552.51;-2445.44;-853.788
-1
-3084.75;-748.132;-1188.81;2616.54;-2851.8;-3784.52;860.854;-673.958
1
3092.91;808.516;-599.709;2910.09;2124.24;-2378.7;2436.14;279.606
-1
1757.68;1367.58;-2604.58;-277.381;2273.28;-3219;556.742;848.809
-1
-1596.09;-2672.46;3061.83;-1853.73;2438.12;2499.57;-1518.86;-3052.05
1
-1412.25;2159.23;-502.836;-1164.08;-3853.52;-2484.19;-980.087;-3435.31
1
-160.032;1168.92;-2896.31;2564.06;3662.22;-1497.25;-2075.42;3878.57
1
-244.531;-817.044;3503.17;1743.19;-468.394;-490.827;-2688.24;-973.304
1
1604.01;-3477.32;-1729.18;-882.493;-3122.61;2755.76;473.302;1558.54
-1
-200.433;-928.491;-1119.92;1725.53;-2931.62;-318.447;-3027.91;309.497
1
-1446.27;3584.5;-271.683;1480.55;-2761.57;-2005.31;3575.04;181.68
1
3840.62;-2850.48;-421.647;3207.33;-800.468;444.377;-3625.73;922.617
-1
-2509.21;-3897.65;-1882.8;514.03;-2785.45;-909.962;3097.91;-308.199
1
2502.94;996.997;-3679.15;-1877.69;-269.145;-2581.92;3442.66;-2615.51
-1
-405.114;-1749.19;1958.6;1324.39;-3200.45;1652.17;3242.56;-2295.02
1
408.492;-1487.45;2140.78;-2311.82;-2242.92;308.193;-514.13;-1178.95
1
1575.14;548.282;-3785.04;-1395.11;-875.111;-743.213;2531.23;3414.99
-1
-455.243;-1755.72;214.68;-903.79;2625.99;-1869.65;362.011;442.692
1
2378.88;-552.962;350.866;2902.22;3385.86;-785.657;-3491.6;667.541
-1
-1680.65;3431.51;3799.77;3512.92;2514.61;-3520.16;1452.48;3869.3
1
2342.65;3567.2;-1399.1;3376.75;-1629.44;1330.32;-2069.74;3388.25
-1
7.9824;1365.95;-3347.87;-1604.11;-421.232;-2373.42;3163.12;87.5967
1
464.854;791.77;-1443.58;3531.62;664.355;2204.01;-1115.61;527.876
-1
-151.79;189.996;-498.019;-1565.7;-2125.19;2846.05;3105.02;-919.027
1
2332.6;1768.87;-1887.33;599.308;-1831.85;-2068.1;-1348.75;-321.078
-1
2385.93;-484.453;-3184.79;-3685.03;-306.147;3322.03;-3612.18;-3028.5
-1
-3060.34;3253.16;-2660.8;2940.76;-2949.36;1553.04;606.063;-2024.99
1
1822.82;2991.61;-3149.53;2056.11;1803.6;2107.14;-1484.51;1118.68
-1
459.401;3430.35;-2826.13;519.075;-2487.6;-3077.92;-705.669;-2274.13
1
-1161.02;3653.38;-790.493;-3769.71;1862.97;-2522.33;908.289;-1500.68
1
-1701.28;-2328.4;2501.98;3353.79;2557.84;3223.38;111.065;-3244.17
1
170.314;-1504.21;2256.27;-1589.35;-2600.87;-2913.57;-1845.75;3374.6
1
1414.79;1167.2;2135.1;-2769.63;-1857.78;2869.08;-2782.01;229.414
-1
2230.54;437.26;2212.33;-859.57;2830.09;-2769.33;2222.18;-1218.8
-1
1965.27;-463.923;1222.55;893.877;2583.27;997.3;2183.89;-834.823
-1
-1313.76;-1185.85;-2521.87;-455.348;-1686.37;3317.79;1409.03;480.735
1
-354.977;-2325.86;-721.15;-318.479;-1785.04;362.455;1218.67;580.434
1
-288.286;-996.89;642.229;-3209.46;-3318.58;937.275;2171.59;1448.79
1
1879.73;-3306.92;-2173.7;-729.242;2910.37;900.947;3491.02;1079.35
-1
3566.73;-809.689;-328.262;-2752.45;-1241.68;-739.579;1259.1;-2749.21
-1
-3150.74;-808.202;-2280.75;-755.776;2125.66;2935.67;2413.74;2607.5
1
1220.08;-244.376;-576.277;697.534;2155.48;-3006.33;2699.1;-3812.3
-1
1584.64;-3790.66;682.439;-548.974;3815.28;-485.537;-872.571;1433.35
-1
2957.81;-2329.59;-587.619;-3785.86;-1730.64;2996.28;-2092.62;-99.4935
-1
55.2415;-1273.66;-454.036;2819.77;-3226.61;84.4519;-1286.52;-257.646
1
-1333.34;1658.1;-1339.12;-889.79;-3749.81;3322.72;17.4594;-939.772
1
-2277.45;3005.38;-635.413;-2315.02;-774.642;357.917;757.756;2034.9
1
551.168;1645.65;-2140.85;2206.47;2192.6;1581.1;1904.37;3494.54
-1
1068.51;64.2259;-2321.37;-361.544;-2345.44;-3038.1;-3234.78;867.078
-1
-686.117;-3572.2;2564.26;-607.633;-997.139;-973.366;117.451;558.843
1
2313.24;1429.01;-2452.65;-344.382;3503;-1302.22;1411.85;3229.53
-1
1865.62;3010.93;2330.94;1942.68;1986.17;-1950.78;1059.45;1053.25
-1
-2857.73;-3079.11;-2118.43;373.497;-839.443;-2728.29;3531.75;3313.25
1
-371.854;656.084;944.494;-578.394;-3527.27;-3309.01;2606.27;2151.98
1
-2257.37;-1148.64;664.442;-635.491;2095.87;1414.71;2095.94;-2510.3
1
-1069.24;-1486.3;2799.61;-3070.95;3380.25;54.138;-3873.41;3551.93
1
-1362.65;-1858.96;-693.48;2169.71;1999.04;-693.112;2312.89;3769.61
1
-3524.63;-2145.3;-2600.61;251.834;3239.18;1077.35;2985.99;830.121
1
1052.32;3021.81;505.945;-3038.15;-2800.33;-675.322;-362.384;-497.329
-1
816.03;-1838.23;2026.99;-1897.18;3670.54;612.738;996.411;2026.17
-1
2968.08;-686.369;1836.7;484.278;-3072.8;-1514.2;-2417.72;-3513.77
-1
3063.01;2017.93;-1612.63;494.514;2734.55;516.087;432.37;-2352.3
-1
-121.325;1912.06;2937.15;-3622.88;-1228.4;-529.734;-1898.68;-106.222
1
30.3287;1879.47;-1224.59;892.603;608.015;1615.96;1881.07;-49.5841
1
-1597.8;-2248.24;233.165;-2594.7;-3336.28;323.043;-2283.53;3805.3
1
-2258.39;-641.151;1022.16;-2806.63;2181.49;3893.62;-319.498;-184.847
1
915.019;2729.65;1420.5;1313.79;3835.25;870.298;-2582.45;2391.07
-1
2523.23;-2604.67;1846.43;2392.97;-2972.78;-3423.44;2056.4;-2190.66
-1
-3375.04;-2638.27;2814.76;1547.57;351.778;-1916.97;849.6;664.134
1
1229.57;-2328.67;2643.48;3085.43;-1868.14;866.021;-6.88107;-2259.47
-1
-604.559;2702.4;1492.97;-901.324;-874.3;581.903;-1479.06;-3660.08
1
-243.574;-2290.22;-2099.82;-1669.81;-3099.87;-3623.4;-16.3935;-41.5561
1
-2454.25;1969.59;-124.51;3463.58;-1084.83;-102.173;313.905;3501.58
1
-186.796;-94.0827;3240.65;-908.334;-3620.97;1385.67;-2594.97;-3434.6
1
800.07;-757.951;-1725.05;-2926.08;-3762.02;-3462.73;3657.42;-3661.37
-1
-3367.61;756.529;415.465;-2338.34;2580.76;-311.594;-1264.36;-3238.35
1
1747.15;-1942.86;1952.86;131.764;1980.1;3374.84;-885.254;1779.94
-1
805.794;64.2896;-1480.1;-3052.09;635.573;1843.42;-3403.87;-716.412
-1
-1843.16;-281.8;-3180.29;-1985.96;-1807.5;-1427.24;-3036.81;1261.74
1
554.937;-122.191;1560.24;841.092;3419.7;536.574;-473.785;938.497
-1
2787.54;1167.29;-2144.46;3838.5;-2732.81;90.6788;-254.895;-2685.63
-1
1059.98;-2570.11;-74.7988;1110.37;1461;-637.545;2414.49;-3723.7
-1
-2060.06;1630.07;1765.5;368.639;-2825.8;418.922;2742.25;2993.11
1
1037.82;-2508.45;1348.31;-3164.84;1485.34;3171.29;747.402;391.569
-1
1659.99;-2695.28;1855.15;-1148.19;-3322.92;-3811.18;-3511.22;2509.07
-1
1505.17;942.285;-652.932;-789.741;-880.098;-1170.52;3708.45;969.839
-1
-1785.17;2466.05;-3225.96;364.756;-3364.99;-955.944;3777.96;2192.58
1
3641.7;3059.87;1567.44;-571.272;-1757.14;-1921.1;3599.06;1531.59
-1
2711.72;273.66;3797.05;-1910.81;585.285;-629.339;-1080.29;-905.118
-1
1905.18;-2043.28;-324.515;2788.49;579.331;2140.9;320.29;-1253.25
-1
-3225.31;-2196.18;1436.75;-2180.44;-161.893;-242.577;1996.81;3328.77
1
1732.15;3479.92;-2206.85;1484.84;3675.95;-1152.99;581.743;-159.569
-1
1882.96;-3759.74;3615.32;-1778.35;2058.56;-3868.78;3865.51;-1643.58
-1
-2301.13;-2863.03;972.275;1640.01;-2876.86;1376.97;1301.64;1433.38
1
-2327.25;393.525;1358.23;-1337.03;460.379;1339.37;105.597;-1212.21
1
2634.28;-575.126;-1481.62;-316.721;-3539.28;368.11;-2568.04;-2084.27
-1
364.32;877.35;-221.332;-1518.93;2784.74;-1400.62;-2474.09;648.306
-1
-712.601;-3266.28;2856.78;-1585.28;-3667.95;-2529.77;-3446.07;1926.33
1
-953.795;-3591.41;-2157.18;-3359.01;3427.07;-665.895;916.437;1376.48
1
-3448.13;2849.34;-1528.66;3805.1;2065.07;1978.58;1409.07;1077.64
1
-282.919;2867.75;-3795.06;-108.012;3777.6;1513.7;1102.92;3043.36
1
-2085.27;-1051.3;-3329.19;1412.67;2065.2;-2022.94;2055.78;-2805.25
1
958.934;2576.88;-2922.67;3263.84;2460.1;-2382.05;-3230.69;-3294.85
-1
-3104.07;2047.27;-2340.43;2221.92;1413.64;-622.148;671.87;2685.44
1
-1647.07;3138.28;-1636.88;3566.2;-2213.47;-552.002;593.815;2378.28
1
3259.6;3275.34;2229.9;-2200.62;2111.9;-2550.98;3322.61;-2854.89
-1
-3660.36;2694.34;-99.4504;3447.85;-3270.4;-3473.84;1891.09;-1978.33
1
-2799.54;-2125.93;-1687.1;-1595.32;-3880.61;-2451.7;-736.231;-3400.26
1
2109.91;2767.39;-2402.87;1472;-3108.96;2251.16;2671.54;-1019.85
-1
2850.29;678.257;123.229;3370.39;1223.66;3663.54;1665.74;-3871.19
-1
-769.153;420.903;2482.04;374.978;-1120.58;793.402;-1973.27;-1019.04
1
2194.23;523.448;877.282;1367.1;921.047;3811.03;1841.8;-2080.17
-1
2944.91;-3076.11;3278.92;522.012;-2738.27;3091.35;-1614.05;1936.39
-1
-1269.36;691.932;3154.58;-1572.15;1261.34;-3568.49;-306.24;-737.246
1
1267.77;-1628.88;-252.277;-2705.84;1982.22;3209.4;3612.96;-1086.58
-1
-989.127;1385.71;2443.39;-2079.4;-1059.3;2566.67;174.65;948.307
1
-3141.21;1438.27;2544.72;1205.84;-1775;798.025;-2814.89;1980.7
1
2407.98;46.017;2876.23;-3519.74;1075.15;-1704.76;-1550.61;-316.49
-1
2508.7;-3094.47;1559.26;518.49;1951.92;-2311.06;2375.22;-2583.49
-1
3813.57;458.234;-3617.45;-1692.76;-1845.11;-1620.29;-332.306;2192.91
-1
-69.8403;-2561.25;2411.35;1006.65;-1350.67;-1355.27;2427.89;781.745
1
-721.875;-2493.78;3841.25;3250.49;-1227.98;-3082.98;3662.2;-3618.43
1
906.045;2351.9;-2461.02;-2295.51;2081.07;949.471;-3741.38;2839.28
-1
-1570.89;568.204;3849.51;-308.909;-1237.15;1223.85;-282.301;228.062
1
-1757;-1137.06;-1831.57;845.068;3419.98;-278.142;-1625.19;2261.14
1
1331.25;-1147.18;2324.13;581.096;1681.44;372.794;1570.88;2314.3
-1
-1219.65;-2319.96;1341.19;2942.95;1851.32;1776.48;-286.415;3451.76
1
-457.55;-2084.3;-3883.78;-1135.84;-3148.22;-3798.57;-329.466;526.21
1
1406.14;-2710.36;-1153.45;-1178.04;-2521.99;-730.553;465.847;-700.758
-1
375.428;2428.08;109.552;2178.47;-757.848;30.6325;-260.988;3674.33
1
3522.55;1774.22;201.041;3462.34;-2578.82;-3858.66;-695.281;-1741.2
-1
1971.5;1390.47;-1224.54;-2020.98;808.029;2289.85;-1830.69;-761.157
-1
1440.16;240.719;-0.415009;1246.18;3735.59;2897.74;3433.18;-498.471
-1
-2044.91;2208.11;3701.9;-480.657;-2331.69;2854.84;-649.174;-3810.85
1
-2272.94;-101.623;174.237;3874.39;162.071;3681.92;3386.54;-1565.22
1
-3193.76;-3387.24;2526.95;3768.69;2648.05;1786.46;-1522.85;3439.28
1
-1916.67;421.484;1685.09;-3043.01;523.188;3857.02;-3358.64;1221.93
1
1892.63;3097.98;1898;-1562.48;818.361;3883.4;2302.46;-2917.04
-1
-800.454;-453.288;1015.23;1322.82;1983.57;2453.64;-3866.89;-1982.75
1
1446.85;3828.06;-79.8928;-3161.3;3536.68;2809.62;3324.09;-2824.25
-1
3530.7;955.094;2014.92;54.0128;1861.25;2365.48;3171.92;3747.57
-1
1071.02;2848.12;2608.85;2499.76;2196.52;-1585.09;582.131;678.433
-1
-2314.39;15.0847;-545.036;1281.12;-609.236;606.304;1634.76;-2193.17
1
732.761;-3331.68;1597.82;-2039.03;1063.74;-748.804;961.848;-2890.06
1
950.401;-687.4;313.666;-1529.49;-1638.63;797.427;3770;-726.107
-1
-3308.61;-129.825;-3437.38;-3473.03;3192.73;938.04;-1694.19;1127.47
1
1578.31;-2310.54;-3498.35;695.212;-1117.15;3041.44;3386.28;1512.27
-1
905.674;3869.82;771.077;-363.169;-3060.15;186.543;-2247.55;3506.72
1
-2539.06;1669.46;1617.98;3030.94;-1217.99;-2218.3;-440.29;118.881
1
-2360.51;1198.36;754.076;-3718.54;2794.8;-2589.92;-2744.45;-1779.99
1
3833.52;-2418.28;-2967.32;2899.19;3322.19;-3057.12;2662.23;1929.75
-1
1512.27;809.769;1698.43;-2103.6;111.027;-458.754;3223.56;-3694.07
-1
-1464.08;-3458.07;761.04;2069.39;1651.64;-2622.14;239.753;3650.74
1
2916.45;-2368.68;-1874.2;-2304.46;2958.24;3839.13;2991.16;185.496
-1
754.286;-292.507;518.878;-1329.98;3661.68;2954.23;2709.86;-2290.41
-1
857.496;2550.18;316.77;2051.6;2777.95;589.756;2297.42;3343.64
-1
1967.71;1910.02;-1527.09;-1046.47;-2427.51;3321.92;2743.69;-3574.72
-1
2705.37;-949.38;3891.39;-2322.22;-917.163;3623.47;-1735.38;2416.28
-1
-917.406;1698.92;-2180.01;2448.33;-1723.21;-1821.23;-1911.97;617.991
1
3247.53;3617.31;1796.04;3428.1;-318.965;947.778;310.362;3196.77
-1
-1509.84;-1663.41;-66.784;-351.592;2324.87;3401.29;294.967;-121.231
1
-525.104;1965.43;-1089.9;-1816.63;1827.51;-2604.16;3484.91;2345.32
1
-1444.94;-2951.78;3889.77;1188.61;2223.41;-1734.92;2938.95;824.116
1
-2885.75;591.167;241.548;-431.398;-250.673;-2953.73;-2655.72;-1357.91
1
-1233.44;-1053.32;-1839.29;232.165;-3723.93;-1724.31;-2118.64;3876.3
1
-3536.77;-1643.86;163.382;3279.38;365.715;-209.359;-397.783;-2525.7
1
1731.5;-3883.85;775.392;-2952.55;-2168.83;1746.97;855.331;-311.642
-1
916.33;3172.25;114.48;969.321;909.953;1401.42;490.24;2888.72
1
-3083.42;1315.47;2042.83;2522.08;-3246.23;2787.72;-2914.19;-2618.36
1
437.276;-2596.57;-2235.19;-3400.78;2778.91;-1854.96;171.602;-3187.44
1
305.885;-3572.69;-3537.76;2833.06;3444.85;1426.39;-1368.8;1825.74
1
2146.48;-1518.28;-3831.86;760.598;2622.7;-2719.12;3301.29;754.072
-1
752.959;1177.25;1531.08;-466.851;3219.34;-747.879;-1171.57;-1711.81
-1
3473.74;-917.167;2768.74;2681.04;545.581;1224.97;-449.696;2862.52
-1
-2143.09;-3153.89;66.6691;-1427.37;-1537.45;-2857.66;220.97;2694.33
1
-527.49;1582.79;3566.25;-2860.67;-731.666;1486.08;-1395.93;-3729.49
1
3162.99;112.138;2335.79;1315.36;-1518.35;-2176.86;-2454.04;-2995.24
-1
-2183.93;1010.65;-2871.98;-2323.09;908.542;-2560.26;754.251;1793.83
1
-2948.96;650.025;2070.8;3433.48;1791.63;-1208.76;-1905.38;234.044
1
1088.1;3384.63;-1423.05;-3646.87;1354.09;-892.196;3848.78;3582.16
-1
-3654.22;861.013;-2474.88;-175.264;-949.012;-2554.3;1172.22;721.521
1
1968.72;3224.5;-368.24;-3405.1;-725.246;2122.5;-648.153;-3504.97
-1
1848.27;-83.8792;-2991.66;490.359;-2083.87;-963.393;-1803.36;-1215.96
-1
411.627;-477.07;-3246.13;-3113.79;-674.879;-3640.4;-793.882;722.355
-1
-1115.27;-1115.63;676.909;-2269.06;-3480.18;50.3789;-111.13;-1674.36
1
450.699;-2312.77;-2357.47;1354.57;1402.73;1333.94;-50.324;1701.76
1
-572.579;-1964.95;1984.91;-3293.37;-2876.49;2187.28;-3092.58;-1904.91
1
-297.905;1964.71;-604.142;-2689.38;1980.13;2650.89;658.902;-1564.26
1
-13.0581;-1885.13;1157.91;-98.5457;-915.731;-144.68;-2335.81;1982.46
1
-2147.4;-2056.05;3259.95;1402.8;-1446.66;-859.9;1519.4;-954.633
1
2632.52;-604.414;-3741.58;-2309.75;1641.54;-867.701;-789.44;911.767
-1
-1320.14;-451.945;-2647.44;3369.31;-3164.22;3905.01;-3805.07;1115.51
1
1091.73;149.513;-365.166;-3568.96;2590.22;-2605.49;1197.41;1371.52
-1
607.45;-3572.95;-312.549;-64.9486;-177.56;2450.15;-3899.06;2235.27
1
-2462.43;3228.22;-224.032;-903.325;126.14;2368.58;-3514.82;2137.11
1
3165.27;1861.79;-2197.98;3639.76;2323.6;2238.04;2471.97;-763.39
-1
-3808.55;2759.31;2285.08;-3667.36;-3343.54;-3116.17;1342.95;853.638
1
-1346.7;372.855;-3003.09;569.931;-784.895;3170.94;2851.51;1795.73
1
3336.56;-2929.8;-320.04;3667.42;646.985;3711.91;-2606.05;863.227
-1
-2680.81;969.399;3825.06;625.313;947.516;-372.672;3333.02;-1492.73
1
-2952.55;-873.02;-3850.97;-3575.31;641.096;-2391.14;-1303.54;3.9774
1
747.768;-1103.43;-1459.14;-3716.2;-3691.36;735.668;744.757;-2870.83
-1
-1360.47;1798.26;-1933.76;1595.03;-2678.53;2390.29;-2171.59;-1305.56
1
1906.7;3579.18;-662.89;2681.18;774.988;-3359.2;2427.61;-953.466
-1
-2237.29;-2318.86;-3657.07;-2472;-1769.5;-1882.33;-1777.38;-2415.53
1
-3893.91;1351.55;-3408.41;510.835;533.685;-998.327;380.249;-3168.23
1
1834.92;-1454.62;3008.66;-2260.84;1827.26;1488.12;1131.86;-713.494
-1
871.619;2443.38;2736.84;417.708;-47.7019;-3596.4;-2227.37;42.4943
-1
-52.6602;1229.9;-3732.78;2005.13;581.116;90.1651;-1276.94;-1578.84
1
611.033;117.757;-17.4243;-2524.16;2085.65;-898.621;1930.32;3153.67
-1
407.959;-2832.13;-2700.8;3578.66;-1259.11;-570.285;-1896.34;-1309.73
1
275.894;187.468;-3455.87;-2538.24;212.188;-2953.08;1578.02;-1989.01
-1
-2092.19;1441.06;-2848.97;1494.98;-2715.2;-209.313;-3114.12;776.492
1
-1826.97;2187.06;846.947;-1990.05;253.783;-3747.82;-820.445;-2037.02
1
-3024.02;-1591.73;-2305.02;3034.35;-2427.59;578.233;-232.007;-2662.67
1
2010.41;1714.94;174.228;-3406.27;588.86;-2040.7;-1960.98;28.3473
-1
394.075;-3272.37;-71.0782;2807.79;3115.76;2437.39;-1556.58;-2322.99
1
3251.67;-3643.54;-646.142;3582.57;-1995.76;-1496.34;3209.54;1965.85
-1
2350.27;-1286.15;3375.85;-563.508;2999.13;1003.69;412.697;3765.62
-1
1809.58;-1589.3;-3038.82;-510.483;-2314.23;1716.41;773.425;870.751
-1
-2065.22;-78.9612;233.19;1303.33;-95.9308;3041.46;1588;614.218
1
-2973;-2036.56;604.823;381.828;-1973.93;-1304.12;177.531;-2183.04
1
-3852.48;-848.827;205.814;-2995.33;1187.61;3341.27;-1951.72;3033.63
1
-2047.98;-613.125;-202.811;1893.4;322.078;1417.4;-1311.31;2860.94
1
-1046.47;-838.737;3183.61;-264.713;803.297;-2369.25;-2496.87;-3004.91
1
-2656.39;159.925;-2624.1;-1679.81;563.371;-3240.8;-376.479;3335.87
1
-419.427;1909.53;2988.05;-3793.14;3745.35;-560.358;1093.14;2578.46
1
957.9;-3059.42;1555.17;3214.41;1407.79;-728.007;-2914.95;-3524.34
-1
-2734.94;256.974;3209.65;3206.05;-2486.64;-556.213;-2155.02;-1260.44
1
-378.01;-1950.31;2904.81;1952.67;1945.11;3306.73;845.886;-1682.51
1
-3283.11;-670.345;-1966.27;1365.11;323.837;-1544.12;-705.668;3623.23
1
2124.33;-1428.62;-1162.02;2330.52;-3743.34;1859.09;-3733.71;-2008.42
-1
-3108.1;1400.9;116.443;2666.09;3656.06;-1272.12;2673.42;-3542.68
1
2374.12;-214.464;1691.32;-2471.72;-2167.49;862.349;-2935.44;764.364
-1
-3553.42;257.612;1888.37;2944.22;-1389.88;-2807.97;-2801.14;-3685.03
1
-3729.15;-2171.77;2720.33;-3654.02;2110.2;-3021.97;-3366.42;-2893.22
1
1547.12;-700.052;2220.13;1913.02;1913.02;3456.1;-123.765;1262.23
-1
-2416.62;-3758.35;1453.86;-1239.85;-1497.33;-2209.28;-2063.9;-2956.25
1
-813.961;1289.48;-2149.53;3603.7;2647.28;-1624.44;-830.623;1222.32
1
1131.51;1713.24;519.431;3488.23;1412.22;-1745.8;-2084.23;-249.15
-1
-232.709;3408.21;2101.79;3511.81;623.595;-2244.39;3696.28;-3160.23
1
2715.48;-2084.5;-605.553;-1041.14;-1665.78;3386.62;-2549.27;-3067.84
-1
3042.96;1369.81;-2724;1499.2;581.986;-3875.01;-3701.87;-1251.99
-1
3257.73;-1179.76;-1849.25;331.969;918.265;-1521.41;-3475.44;-2103.1
-1
-1059.16;2992.61;-2163.58;286.122;2581.85;-2003.5;3514.89;3877.17
1
-70.6154;3796.52;3629.58;-2274.67;-1129.63;-2477.38;1538.32;1029
1
726.502;924.032;1933.63;3708.89;-988.504;-3425.17;2667.3;2924.75
-1
3259.27;-1599.58;-1057.05;-439.09;97.7976;-2899.41;3541.56;943.019
-1
3242.24;-672.002;1052.06;2534.09;-247.102;362.152;3546.25;-281.264
-1
-279.648;3511.24;-139.232;-3397.77;-3202.35;-155.896;-3083.16;-1252.4
1
-3517.21;580.684;1502.34;-2695.3;3396.42;1891.77;2247.36;-1524.83
1
-3057.06;2455.69;3461.27;-2563.76;-2973.22;1800.74;2963.32;1472.06
1
3488.2;-1776.44;-1253.96;967.981;383.959;-10.1934;2563.72;1062.45
-1
-3125.25;-1426.02;3597.43;3796.87;2499.4;-5.92423;-1284.61;-1987.27
1
370.282;1362.25;-39.8952;-3538.44;-3412.13;-2697.99;904.943;-479.118
1
15.1324;2188.08;-1597.51;3476.27;-1177.33;-318.527;2551.21;56.3542
1
1375.78;-2487.9;51.407;2441.75;-1620.47;-666.893;1097.75;3301.07
-1
1591.75;3199.08;3355.65;-2554.8;-737.438;1608.13;-3335.18;1211.35
-1
-2061.81;3253.65;-3442.21;-1214.4;-2948.78;350.817;-255.727;2060.14
1
-3228.76;-432.955;-1121.59;3002.76;3440.74;-2118.02;398.475;-3447.96
1
-1048.91;-2679.98;-2515.81;505.544;1278.57;-1554.08;-1002.07;3231.1
1
-644.767;3553.58;-58.8853;-2882.54;1240;-1530.57;-1768.86;1995.23
1
-2110.04;1506.88;1679.08;3886.18;-621.626;2562.68;2473.84;-185.851
1
619.68;265.406;-2543.39;-2249.28;3407.43;-1532.41;-1778.6;471.45
-1
-1881.1;2717.14;-2320.77;-1293.58;1888.7;-2820.01;-1140.11;-798.211
1
2136.68;712.614;3142.85;1776.72;-957.369;3709.47;-2213.29;-601.811
-1
3188.61;-342.253;-2873.67;-2079.05;1192.53;-1116.46;-904.716;3590.03
-1
886.797;3346.59;-295.838;-2563.42;371.825;-3812.65;730.798;-3800.98
1
2355.4;1004.79;-2440.98;3436.49;3286.29;-3090.45;-1499.59;372.695
-1
-1376.29;-1449.31;-3357.83;3760.57;2721.4;-2086.87;-41.2423;661.151
1
2143.58;-3328.94;2322.84;-2596.93;2297.45;-2145.18;-362.194;-561.471
-1
1352.75;-3332.01;1337.38;885.252;-2643.46;2139.36;3468.47;-3168.12
-1
-2353.11;3528.45;-847.98;-1921.47;-338.278;-1667.43;-3844.4;-1529.16
1
3120.97;-2774.14;-404.757;3857.61;571.912;1336.66;3396.07;2886.48
-1
1108.72;-3127.02;-1885.42;2927.83;-3540.98;-2704.32;-2636.29;-2787.36
-1
313.886;-663.853;-1450.46;65.5267;-1407.83;-3884.83;-1041.93;1019.45
-1
-241.879;-471.106;1953.59;-3422.76;1390.37;-1144.62;1523.72;3362.37
1
2290.02;1871.98;1634.93;1379.21;-3008.39;-1929.04;-691.065;2677.77
-1
-532.362;-426.272;1409.17;2536.41;316.718;-2987.43;811.086;-3392.51
1
3350.19;223.091;2909.08;3863.43;3263.15;3033.8;1830.72;-878.105
-1
-2392.04;3222.51;-1191.59;2148.1;193.86;3367.32;-3645.48;-449.657
1
-1907.87;-3883.07;-113.145;1569.02;-1863.69;2843.52;-2443.13;-2556.06
1
-1700.44;407.142;-1692.69;-1592.59;93.3274;2367.26;-1795.69;2420.14
1
-985.105;-1427.55;-1333.31;-354.683;3357.92;1098.53;-1.11606;-2966.32
1
-1888.36;-3180.34;1911.65;-1180.54;-244.213;-3397.39;3436.38;-2538.2
1
2314.21;1885.17;-2020.24;-2510.66;-2738.49;2612.65;3445.62;1383.67
-1
1424.49;-820.616;-1827.6;2516.4;-1632.12;2123.4;-1070.8;2722.25
-1
1287.24;949.234;-1836.03;1063.02;1579.13;3325.43;-2241.64;-1822.51
-1
-3433.67;-3278.39;-1852.98;3854.81;-17.8533;-1090.12;-1354.17;-3382.88
1
-3769.74;3410.75;1107.58;2771.32;3536.58;386.583;-3533.13;1582.6
1
-2558.18;-2277.64;2590.69;1146.53;2339.34;-1457.22;14.5658;-221.82
1
2439.99;-2360.25;3255.55;-769.463;1431.41;201.214;2602.02;48.258
-1
-120.375;1233.21;-1543.79;-900.27;-2349.59;3015.26;3478.05;-1467.41
1
195.902;-2486.84;-1256.06;-3148.91;-1674.79;-1401.55;2466.33;-3207.44
1
2098.12;-2753.55;3659.15;-1785.55;-263.689;-2057.54;-228.115;-396.545
-1
3522.19;-295.267;1244.72;-3748.29;978.304;-25.6147;-462.068;-3224.83
-1
1167.92;527.493;-1230.97;944.941;-1144.66;-75.1253;-2708.41;2816.24
-1
-3180.09;606.183;-3834.26;2084.02;525.469;-1791.23;1086.41;1349.61
1
-1560.19;1301.45;-1986.25;-153.206;127.262;-2661.52;3520.53;-2145.54
1
2993.9;-1359.27;1400.69;-1887.7;2696.43;-1668.95;3647.92;-1710.74
-1
1605.2;-1869.33;2106.2;1621.4;1061.99;1864.51;-3471.81;1666.23
-1
-1940.51;3033.66;321.454;387.844;1542.42;2986.47;136.093;3157.18
1
-3257.06;-2387.58;2779.39;-1782.13;-3791.46;-3796.48;1155.87;705.887
1
-2371.77;1781.91;552.392;2035.45;3257.44;-86.7815;2201.62;1433.71
1
-3107.97;-422.01;-65.614;-3892.57;-2264.01;-3475.94;3261.82;-135.089
1
-406.778;-2548.01;-2274.7;704.955;1070.44;-3750.25;-3479.88;-2938.98
1
3815.02;1136.76;1866.16;-2182.34;-838.946;2695.07;948.096;-3287.35
-1
-810.241;-234.219;-871.08;-2841.79;-3749.7;3552.83;3655.99;331.803
1
310.939;2656.65;2421.32;-2540.61;-3583.31;3180.96;1997.93;-507.374
1
1657.84;2996.54;3624.37;2870.88;284.982;-323.99;-3604.58;346.653
-1
-1315.62;-2498.4;-1725.73;1513.3;-904.011;642.205;-1963.94;3439.94
1
1353.83;-372.646;-2663.56;-1255.32;-3320.89;-2688.32;2235.17;1804.63
-1
1254.49;-3401.71;-3120.5;-3684.22;19.8787;631.923;-1275.62;990.453
-1
3074.24;1432.54;2373.85;-429.695;1615.98;973.88;-1083.67;-2560.81
-1
-903.924;-3235.53;1866.25;2710.29;1913.67;1653.56;-2102.67;-387.915
1
350.284;2231.01;-2289.5;2361.55;459.278;-3339.67;868.284;-2269.86
1
2039.08;-1272.84;3454.9;251.116;3264.97;-1223.74;-2104.09;-1550.35
-1
-688.46;-1773.93;898.966;-3331.82;1705.11;3734.54;3706.21;3294.57
1
-3123.61;-2152.85;3550.22;3347.01;2758.85;1501.23;1540.09;3284.89
1
670.721;-2900.43;-600.452;1749.43;2811.83;-3241.94;-1035.13;3076.13
1
1345.25;-1412.05;699.766;-2692.42;-468.445;-2084.35;2418.39;3511.78
-1
2024.54;-1284.41;-3718.02;-2550.54;-3118.91;376.941;1443.69;-387.977
-1
-322.978;-3260.4;3193;-3210.01;-3128.08;3822;-924.458;-3292.01
1
-1447.3;910.255;-748.004;2678.65;3004.64;1580.09;300.768;-497.893
1
3333.11;2392.05;1098.75;2136.92;-3319.65;-3354.59;-30.2877;1802.57
-1
2551.49;-626.898;-1900.54;382.628;-602.182;3113.29;-1535.72;3717.1
-1
-3410.9;-671.863;-3605.77;-2377.25;-3737.67;-2313.48;-3103.14;-841.932
1
-3590.38;-1489.05;-735.756;-1517.81;2545.3;1828.37;1489.32;-3558.13
1
-1503.92;1771.17;-3471.85;1220.54;1495.7;780.491;-3584.32;756.994
1
2138.48;-3890.24;718.976;-2064.79;-2300.51;771.382;-132.801;-703.202
-1
-3784.42;-3364.48;-872.087;578.2;2145.45;-611.693;945.748;809.904
1
-2963.87;922.049;3716.94;-259.102;1933.64;2571.31;829.669;3721.51
1
-3789.74;-1704.73;-2672.89;3044.01;1208.17;2355.4;-1902.57;2624.33
1
1471.34;2528.7;-1981.38;-3432.57;-2560.89;1664.28;3125;-1924.85
-1
1602.02;1028.83;829.329;3736.16;2613.62;-2750.35;889.453;279.165
-1
-2467.49;-111.076;-1823.78;-3426.76;2362.65;3216.65;-2988.84;-2846.73
1
404.759;2916.74;669.931;2200.58;-3699.45;3533.73;952.466;551.392
1
1277.9;553.933;26.339;-758.281;-2879.53;-3340.76;1206.85;1653.17
-1
-361.57;-3135.84;-2843.12;237.482;-3200.26;1258.37;907.156;-2167.39
1
857.328;-2168.81;-3513.14;-2644.98;2524.4;2061.05;-631.924;3666.34
-1
-35.89;723.442;356.567;2306.66;-2429.4;2609.48;-3121.26;872.337
1
514.766;-698.921;876.043;-1312.29;556.137;-202.493;3399.76;-1866.99
-1
988.213;-2469.28;-3098.52;2259.35;-3154.41;-839.791;-2774.69;-735.638
-1
694.337;-2953.41;-3454.74;2333.22;-1046.45;-1592.33;3586.27;2206.07
1
2099.22;-2210.43;1727.86;-3359.93;832.635;3410.62;-3403.62;-2036
-1
1895.47;-708.362;-301.64;261.555;-1016.69;1212.39;-1009.38;-3242.11
-1
1890.01;-1154.8;1513.56;-3630.83;-108.471;3764.55;-1852.71;802.698
-1
-1336.2;1825.78;-1542.42;-150.48;-3291.79;-1053.53;-3051.88;3664.63
1
3135.81;679.021;3611.43;1215.38;1242.15;1997.36;-3245.01;-2673.71
-1
-3681.34;-3129.95;2856.81;893.298;-2327.65;2057.86;3642.8;-805.606
1
-3089.19;-1698.03;3076.85;790.603;130.396;-911.604;2615.19;1162.34
1
-3361.05;186.843;-1657.64;-2007.6;24.3337;1482.4;1049.96;3430.43
1
-3336.43;1484.81;-1458.27;-653.033;1397.33;-2875.2;2420.17;-142.882
1
-901.238;3688.94;3098.54;2802.51;1626.59;2557.85;2684.46;-999.15
1
-3405.95;-3516;-1729.28;-2329;2168.64;-1607.8;387.902;3580.96
1
1290.1;-865.555;-2596.48;-2358.42;-3330.33;-3295.81;1256.47;1111.25
-1
-1028.39;2206.13;3559.11;886.094;1500.19;2201.34;-2734.2;-739.925
1
-1940.22;-2962.49;-627.823;339.026;51.6533;358.637;-3181.47;2841.47
1
-3633.3;-710.906;3315.83;3684.22;-899.777;1036.6;-2898.5;-3245.68
1
-3268.29;-2649.41;1648.01;-2907.61;-1946.67;79.8295;-834.208;3044.06
1
1684.18;-3260.51;-3366.12;-19.0548;-2261.11;-3216.51;2022.1;1676.43
-1
1691.55;-1807.97;-3437.76;-2886.49;-1668.86;3818.26;2734.65;2042.34
-1
3155.03;3463.1;-1929.81;1990.74;-1605.87;2581.38;2397.37;3879.39
-1
2606.21;-880.95;2854.04;-3709.86;-2376.21;1642.93;-2999.07;2883.14
-1
2712.64;2854.05;-2838.98;-3130.47;1577.45;-2565.04;-364.855;1157.81
-1
-3748.51;3578.76;205.657;391.98;-797.129;1664.52;-766.319;-3506.44
1
901.479;3269.2;1907.7;1637.6;-1646.4;-3493.34;3641.15;493.602
1
-3424.2;3630.74;-159.758;-3097.07;-1475.16;-804.412;-3792.27;369.68
1
-2036.91;-3049.53;982.315;3202.75;1831.89;-3884.16;-3426.18;3281.03
1
-3243.84;-2827.04;1924.29;2790.53;-3343.03;2077.6;-244.734;1514.18
1
-2995.47;-3637.23;-3337.37;-2962.96;-1436.63;2277.9;-583.287;3413.79
1
-3538.9;-2184.48;2414.4;-3048.29;-2949.73;2854.38;1022.17;1196.44
1
1851.65;-3342.82;-1559.45;2188.16;-42.0289;610.768;826.552;180.893
-1
528.918;2255.31;255.487;-3861.77;-2489.86;567.961;-2730.89;-2255.79
1
-2786.27;1961.05;-274.534;2387.47;-573.2;1781.99;2800.27;620.209
1
-2859.42;-3293.93;-80.9134;-3239.9;-3615.82;2315.06;-2093.4;-3734.07
1
-3330.55;-671.179;144.145;3359.39;-1512.74;459.276;1068.39;-1659.78
1
-1233.57;-218.839;-2933.32;1523.68;3167.93;3218.98;-819.3;-3166.68
1
1765.74;1967.91;116.242;1232.39;-2451.02;-446.089;3177.08;-315.741
-1
617.036;-1998.27;2925.62;1925.52;1902.94;-985.511;-3772.57;-2047.24
1
-1123.69;3244.12;1771.65;1775.35;3690.91;3162.9;-2199.58;1588.88
1
-3396.5;-1228.73;1422.23;1173.82;2037.51;-628.893;-2073.97;3812.02
1
-2000.45;144.031;-3123.92;2552.47;3137.45;3759.71;1782.57;3144.55
1
-256.246;-2913.84;1309.93;-2814.01;-2062.74;94.9261;-3414.21;541.838
1
3147.88;-3376.25;-3829.18;1461.43;-1010.72;-2364.63;3409.36;1388.67
-1
-1298.48;-1664.75;-2847.53;1793.72;-2088.3;-2673.91;-3706.21;-2259.53
1
-3426.75;-3215.01;3806.55;-463.364;-2108.77;328.811;-1992.85;3244.23
1
-1949.63;3083.53;-1849.53;2992.79;3173.41;-2821.59;-1135.81;2338.61
1
1534.8;-449.388;-1807.94;-114.575;2410.98;-140.076;3227.88;3068.82
-1
187.787;1602.34;1721.75;2234.66;-3857.53;3087.24;-1683.1;-1077.57
1
2487.55;948.366;-500.109;1056.01;2688.81;-112.745;-2027.32;-362.377
-1
1126.27;2550.42;3450.45;1861.66;-3183.44;-2827.45;-3047.9;-1675.04
-1
-2312.85;3089.63;208.244;2715.35;1099.77;2832.49;2312.53;1369.98
1
539.599;3868.43;1353.66;2693.6;1363.85;-89.449;2262.01;156.67
1
-866.695;1521.77;-1299.21;2734.81;-3474.2;130.477;3129.24;527.939
1
2677.56;-2514.22;2840.15;2530.13;772.423;-3245.1;450.33;-2493.08
-1
3739.58;995.519;1533.27;-1821.61;-334.566;-356.236;-539.352;3409.47
-1
2018.9;2472.8;-2325.34;-2029.57;-409.207;903.823;-1252.9;2843.4
-1
3679.72;319.865;-3023.63;-3606.62;-3577.61;-3854;-1199.45;-1432.95
-1
1861.21;2184.52;-2858.5;-1359.91;2150.62;1339.13;-3900.14;-584.846
-1
2129.11;-1164.91;180.896;476.997;-2526.16;-1436.51;-761.373;1003.52
-1
-1977.32;-1917.66;-2301.58;78.1264;1510.94;2511.51;75.2204;-407.083
1
-1025.27;1253.17;2000.93;-943.739;1989.79;-3068.55;-438.836;-2991.49
1
-3748.6;-437.645;-3795.52;-550.915;-3609.55;-2154.19;-2867;-1109.83
1
-1404.88;644.777;-3199.29;1694.05;-3049.71;-1727.51;2665.78;2737.51
1
2437.57;-2942.38;-848.327;-692.011;-1514.39;1588.63;-3361.45;1175.14
-1
-3160.78;-3570.52;-3594.43;1022.62;3739.82;983.285;2408.43;-3624.21
1
-985.897;-2024.51;-509.46;-904.755;1719.71;-1727.68;3612.12;3041.9
1
-1210.51;2946.46;-3226.13;1842.25;2180.93;438.414;-2150.05;1034.39
1
453.866;3050.43;-2637.23;-55.9979;3441.68;-1676.83;208.32;2341.39
1
2093.08;2996.72;3139.93;-1267.6;1763.52;893.977;-496.869;2022.05
-1
1122.18;-2524.29;2101.69;-905.924;649.002;-921.444;-414.729;-44.306
-1
-1353.25;-1975.97;-3570.63;-1921.52;-3518.69;894.801;-1843.88;-1966.28
1
-1671.05;-3730.84;-1335.46;3114.16;275.385;1725.3;2272.02;-1383.95
1
1356.27;-2581.84;-3726.19;-3523.33;-3755.24;2938.73;138.284;2031.28
-1
-2798.29;-3695.76;-2555.97;-450.637;1260.4;137.522;1611.69;1159.78
1
3165.68;-2604.13;-1578.8;-1858.03;3649.84;-2179.73;189.324;18.2903
-1
1639.14;-3510.72;-1266.77;2238.7;-2833.87;-3326.62;-2137.89;-1305.68
-1
3738.12;3357.87;-2470.81;-2578.29;-3780.91;-913.209;-3672.46;904.824
-1
3753.87;-1887.31;165.039;-842.195;269.869;1354.41;2877.9;-3227.74
-1
3210.67;1470.95;1167.39;-500.815;2063.26;-1342.64;1815.74;1025.25
-1
1041.54;-2340.81;-1376.37;-3667.98;3586.21;3282.87;1118.03;1144.08
-1
1289.36;2090.88;-3400.85;2502.28;1821.14;-3286.58;1519.29;489.885
-1
-1494;3130.84;-2246.26;162.881;1123.01;3751.7;2797.77;-220.146
1
2231.74;2699.97;1512.03;-1901.86;-927.356;3555.68;-2358.01;-2587.2
-1
-1116.25;3795.37;2264.91;-2948.48;3419.63;3097.61;-3166.6;212.941
1
-1108.76;-3723.32;3099.51;984.986;-2853.55;1812.55;-92.1418;1075.24
1
-2034.93;-3011.17;3421.9;3872.69;-2747.32;982.396;-2566.75;3851.62
1
1159.34;3020.3;1674.62;-1876.11;-476.406;313.61;-3487.43;-1622.9
-1
-2801.64;-680.506;-3044.43;-2254.01;105.24;-96.9589;-1225.53;1087.92
1
-3071.45;-3863.06;-3153.32;792.913;-491.163;-283.691;-3810.5;-2961.82
1
2043.53;3866.8;1768.98;-2222.96;192.135;1629.44;-2426.57;-305.582
-1
43.9706;-1544.78;3564.96;-1045.11;-472.069;570.537;1708.63;-137.344
1
-3557.51;3731.34;-3274.67;2555.77;3366.78;2301.38;3860.46;-1327.97
1
834.424;2168.94;-1937.17;-2941.27;-3853.45;-2196.99;1731.2;-3059.9
-1
2298.16;-2604.21;-3385.56;3347.31;-1556.26;-211.101;-3755.92;3342.28
-1
1775.79;3820.54;2087.3;-2371.26;3309.36;-3559.17;2506.8;2947.2
-1
2011.28;-2031.52;827.213;-758.584;1123.57;-1210.37;-2381.79;1031.19
-1
-3317.87;-1921.25;3737;816.918;2349.99;-3775.55;734.649;-1718.35
1
-1193.46;-576.743;359.89;727.411;2397.9;-2227.41;-3719.29;906.315
1
2512.48;-3401.65;3648.88;-2126.87;641.407;2120.08;985.026;-410.774
-1
708.045;-1178.4;-1003.56;2802.99;2636.39;-2165.62;1380.51;-3546.33
-1
3090.91;1050.9;-3798.82;-51.934;2937.7;2911.53;-2075.01;3270.39
-1
-3174.4;-2727.56;3773.83;1134.38;883.091;-2994;-3643.56;-82.5744
1
-2860.19;2521.89;-3331.58;510.342;-1708.27;1281.92;-2344;2669.63
1
3639.44;2400.58;-2235.16;822.787;32.0113;79.1801;295.853;-744.27
-1
-2810.56;2652.1;-869.771;2628.82;3809.86;-3667.72;-1855.48;687.371
1
-2564.76;-759.336;3622.98;-723.318;2403.78;3018.23;-1657.1;-2210.47
1
2520.89;-1940.19;-212.682;2250.1;1542.58;-1171.13;4.36954;-3166.11
-1
3851.44;-873.795;2726.26;-1491.7;-2791.81;-3272.85;-2368.73;-602.302
-1
639.606;3136.2;186.581;3030.63;-2696.35;2868.15;-3839.01;851.302
1
-1979.93;2244.66;905.999;45.9481;3562.39;3632.83;-78.3513;-3311.99
1
-798.833;3145.17;1030.27;914.099;2391.79;1361.3;-2668.23;3719.86
1
1128.72;2311.19;3009.63;3613.92;-1567.34;-3341.04;2873.79;319.02
-1
1600.63;-1022.3;2088.81;-3585.51;-971.493;-2132.23;-3126.31;-3743.98
-1
444.56;1102.44;1848.37;2047.34;2255.47;-2491.69;2949.76;-3624.47
-1
-1629.56;-3279.95;886.842;1443.25;-2224.24;-259.323;1580.05;3359.62
1
2670.01;-1318.09;-2607.07;-3700.51;1732.03;-3511.88;-3414.5;495.47
-1
1590.11;-1873.75;-1712.77;3836.12;-3776.11;-1757.36;103.403;2139.11
-1
1314.07;943.485;-3080.97;915.826;621.292;142.324;3571.48;-2600.01
-1
1275.14;3006.43;2194.17;-2019.68;-2636.09;-2899.72;2617.12;-2262.43
-1
3167.03;-2853.05;3709.65;2934.5;-3419.76;1606.93;1277.7;-2411.89
-1
-3208.77;892.027;2138.7;1635.82;3283.45;3619.11;715.111;-796.665
1
2119.91;3808.84;2112.29;1424.26;-484.735;-1339.57;-3475.8;1446.82
-1
3548.33;-308.808;48.6939;3835.59;2589.31;2771.77;-3879.69;2495.78
-1
-2518.46;-3529.91;-2111.52;266.384;-1176.38;-2939.23;-1009.62;241.702
1
825.293;3037.6;2195.32;620.198;1302.54;-3159.28;-310.624;299.832
1
-3105.92;-79.8693;745.181;-1489.35;-128.643;-219.081;-3058.31;3249.48
1
-2374.48;-2534.42;-769.149;-151.809;-748.637;-1300.3;2009.09;-1871.62
1
-649.021;1005.5;414.394;848.23;832.643;869.553;3309.27;-3145.58
1
-1841.97;-2857.9;374.025;-1710.35;-315.093;-2131.9;-2794.16;-3602.06
1
-3532.34;904.909;-1925.93;-2918.29;1658.28;-3146.68;3482.12;-1654.8
1
2694.78;-3534.48;-2219.84;-1908.82;2274.09;3546.96;3239.37;220.189
-1
3833.11;-1900.58;-1243.89;2042.92;-465.344;2687.01;-1078.71;2843.27
-1
1116.94;2407.08;2792.47;-786.791;-1638.53;-417.464;939.066;1802.12
-1
-3355.27;2761.91;2832.02;-1601.31;-1276.27;-3029.49;269.483;-3005.93
1
-3024.04;3344.43;-2478.93;-583.83;-2867.71;-122.228;-1456.74;3429.14
1
-412.868;-885.834;3154.67;2765.3;222.094;137.303;3203.61;-349.848
1
-1224.5;-2795.04;-96.636;1733.7;44.5944;-240.179;3283.95;3233.89
1
1160.75;2686.76;-2915.89;1159.33;-668.333;-845.022;-402.541;-2878.82
-1
-262.187;1450.24;-1267.7;-172.628;297.648;-3097.19;1475.61;1804.43
1
1810.49;-945.587;2502.66;2292.67;-3538.18;-1417.41;-991.829;3303.64
-1
294.717;-2231.84;-860.448;-1484.69;-300.071;1769.85;-1968.54;3146.59
1
-1318.05;-245.543;3242.53;3899.66;-854.452;-2597.9;3055.78;1218.23
1
51.124;3690.82;-2851.18;3505.8;1763.88;-215.251;1536.84;-3706.61
1
3202.72;1437.2;-2499.79;-3561.54;-2895.32;-1719.18;1554.83;1277.2
-1
2407.22;-2190.08;-1049.35;1201.08;-785.938;-3126.63;-2225.98;-1556.5
-1
-343.404;3658.95;739.592;-383.864;-2564.24;3194.83;-811.84;-3890.28
1
1280.44;2280.85;766.935;1003.11;40.8158;456.469;775.451;-293.715
-1
1715.81;3349.52;-3343.55;2214.07;3332.51;-2541.23;-3239.3;1425.63
-1
-1714.27;2531;-3558.88;-2190.7;-210.123;1990.94;485.312;96.627
1
1134.74;2483.03;523.433;-1852.89;-2422.73;2703.91;-1065.1;-3384.18
-1
-1957.87;-3794.55;3725.8;-3404.11;-3343.42;2777.45;-2065.85;2127.47
1
-2324.39;2080.87;-3109.9;3870.05;1608.14;-1078.81;-2376.13;-1924.9
1
-2646.39;-3019.38;-2751.55;2906.47;-3608.68;-1357.75;1397.21;2745.82
1
518.023;-3901.11;436.003;849.035;1897.94;-2439.5;3476.58;1336.69
1
-1132.5;1307.73;-2310.32;1011.2;-2817.16;-2595.35;2005.56;2067.47
1
2505.62;-2781.08;2796.54;-3560.3;-705.646;2628.96;-1554.5;2725.35
-1
-1044.28;3422.59;-625.948;-1931.47;255.233;-2366.45;1346.98;3838.04
1
-649.409;-2278.21;-3763.28;2930.87;-889.208;-3679.36;992.478;2436.93
1
-1115.21;765.527;1242.75;1402.36;1241.81;-400.357;-3491.84;-3719.5
1
2883.37;2905.38;-3681.87;2339.85;618.03;486.847;3765.81;-2795.35
-1
1737.63;3749.96;1674.52;-3459.94;2247.24;-3386.78;3164.07;-3176.33
-1
-3568.17;-364.806;3822.93;-463.652;1423.11;-3024.62;1062.01;2594.23
1
-1707.75;-3525;2027.58;-439.87;1336.89;860.569;2237.96;-481.889
1
365.501;-2509.83;-3147.37;-1509.37;1352.99;1144.76;3358.23;-1677.11
1
547.275;141.881;1669.24;2069.38;-54.4888;-1252.39;3019.71;2539.52
-1
-1630.33;2817.21;-2627.12;-225.048;-2713.17;-2301.21;-699.306;-3821.33
1
2173.5;962.694;-2655.74;-1877.38;-3515.95;1583.72;1400.11;1190.79
-1
-2405.56;-2435.28;-555.461;1056.59;1855.56;-40.5369;-2677.62;-652.152
1
1314.29;201.82;1778.13;871.23;3821.37;1653.6;1051.79;-2286.87
-1
989.666;-2648.7;-2961.56;-939.848;-1604.44;-644.174;-1170.46;-2481.27
-1
3470.05;3045.38;525.8;1670.4;-77.3262;-1593.01;3819.8;330.937
-1
-1929.59;-2135.09;-3051.27;-271.044;-275.988;3295.79;-2905.9;3788.81
1
3572.32;-855.381;-484.221;3612.36;3873.53;-2453.32;95.8603;864.399
-1
2971.74;2038.69;-2040.55;-3027.43;3060.25;2281.33;3647.28;2332.13
-1
2918.94;-1621.62;-3184.25;3268.75;1212.4;-759.081;-1357.8;2688.97
-1
-3085.53;3433.66;1691.35;3696.3;-278.086;2282.86;4.63814;-3471.1
1
-940.696;-2737.39;983.888;-3511.5;-1246.61;-2465.95;-3028.21;3460.29
1
2865.44;-3219.97;731.438;237.327;-2020.65;-2511.95;-3446.41;947.836
-1
612.309;-1628.19;-2560.5;1767.42;-2898.03;652.298;1691.03;3706.44
-1
3006.49;-281.427;-1616.73;-1955.94;708.766;-1025.38;2297.45;1617.35
-1
942.399;-2908.21;1977.79;1590.29;3792.81;-624.133;2084.17;-2356.18
-1
-2797.23;286.705;-1253.33;-1343.46;1378.94;3585.9;3134.56;-355.913
1
-1181.77;2377.07;3455.86;3565.29;848.902;-2363.25;860.2;3583.87
1
3457.02;2944.26;-2491.79;-794.573;-1979.74;1275.45;1084.16;3694.97
-1
-3741.36;3186.84;-351.137;946.51;-2132.88;2838.27;-106.641;-22.1313
1
3422.76;447.004;-1236.95;1980.6;-1931.95;-2219.49;2947.2;-2427.04
-1
46.0474;-1329.2;-820.635;2681.69;2516.13;646.684;1487.91;3489.51
1
1132.02;3228.66;3251.49;-36.322;1567.22;-575.142;-1319.22;-3881.56
-1
1288.27;3791.59;-1473.47;361.115;-939.013;1555.98;3767.6;3171.2
-1
2952.34;163.765;1861.68;-2189.88;-903.797;567.297;3294.15;-3015.41
-1
1353.49;-2898.27;-3646.51;87.9278;-3723.75;1485.21;3018.7;642.111
-1
-2010.98;1818.31;-36.1227;-1035.3;3274.3;-603.529;-1087.37;-1865.77
1
1976.56;2724.85;487.356;-3114.85;-1598.91;3590.77;-1354.95;-495.97
-1
1077.73;-2240.41;3886.74;1514.07;109.011;946.751;-361.127;-88.6225
-1
1295.08;1043.26;-1763.19;3511.87;-3491.21;-787.421;3424.96;3744.74
-1
-2409.19;3227.59;-3564.32;-2807.75;1406.45;-240.777;-3105.07;-3632.35
1
3591.22;3696.97;1582.76;382.281;368.61;-1388.98;-3900.55;2635.13
-1
-364.649;2348.56;-554.625;676.958;-1077.63;-2706.09;2404.15;1900.67
1
13.4219;-478.424;-971.586;2681.02;338.879;-2106.36;-1429.76;-3405.99
1
519.734;959.531;-3627.92;1317.37;-28.5504;3264.01;943.03;1402.32
-1
-3319.11;1003.6;-595.913;264.083;3027.67;-3277.15;285.083;-1546.26
1
2632.73;201.144;3470.38;1020.65;2565.77;-709.947;-962.463;-1289
-1
-3507.46;1106.92;-2203.06;7.28728;-966.358;-3006.19;2114.95;1589.15
1
-1812.79;726.651;-1444.64;-2643.19;-819.571;372.992;1358.99;-2549.43
1
-2208.08;2484.69;796.482;-1371.54;1758.21;-2424.19;-3183.08;-411.956
1
-1192.38;1048.72;2493.05;-450.587;2662.98;-3118.92;3407.19;-1982.89
1
46.661;-1380.38;1377.97;2480;-1916.93;-710.667;3532.19;3837.8
1
3722.13;-1457.88;-2065.59;-3306.54;576.632;283.995;-2922.31;2489.32
-1
232.357;-1185.99;1145.08;2963.46;-599.991;2923.38;1419.89;-3746.35
1
2964.62;-1681.48;-1948.03;2721.01;-3106.53;-2207.18;1567.14;-1892.27
-1
-2617.54;-1228.83;-1398.12;3622.42;-2306.27;-102.524;908.317;863.372
1
-2199;2095.65;2001.09;-3794.08;-3272.4;-2761.63;3844.06;-3061.27
1
1377.52;-1319.47;-3026.13;-3163.51;1524.49;3563.1;1642.84;834.816
-1
491.396;219.269;-3245.76;-1426.66;-185.289;3043.22;-3435.57;528.27
-1
655.281;-3238.11;1342.95;2884.44;982.592;1209.33;-1645.48;-597.669
1
-3415.16;-2651.5;-3665.75;-3343.86;1339.77;-87.2115;3595.42;306.286
1
-3771.91;3763.98;1532.23;1240.15;2482.2;-2946.14;-3297.73;1611.67
1
-2383.29;1169.44;-3274.87;-1052.81;-3902.69;-1993.72;2101.85;3521.48
1
3866.32;-3334.68;-470.846;1792.18;-2656.74;-3318.47;2287.29;-738.525
-1
1072.59;-3251.02;2125.22;2778.05;3273.78;-2472.37;-2310.09;-1805.98
-1
-1996.59;-2239.5;1025.19;-764.072;1421.16;-1472.21;-2078.26;-1931.56
1
-3739.81;-3432.28;3513.37;3360.7;2525.8;2576.07;1013.87;-2700.65
1
3061.85;-558.777;3326.82;-1788.37;3558.09;-1100.86;1920.71;3338.98
-1
2551.54;-3239.47;-1798.83;-3623.46;-2816.61;324.773;942.975;-1844.25
-1
-3613.11;-2431.63;-3708.3;-2514.62;-1091.86;1846.16;2335.34;-3114.38
1
-201.765;-1923.79;118.1;-1480.5;-3695.56;1106.09;-2854.25;-148.784
1
-1642.42;3607.53;-2274.14;1058.87;-3201.93;-3010.12;-1610.93;-1503.2
1
3241.07;-772.266;-1927.11;-1912.82;-2451.37;1754.37;-232.481;1913.45
-1
3723.1;2573.93;3288.08;3302.19;641.945;2195.79;-1608.72;-706.55
-1
-712.382;1677.55;-3551.6;860.642;-1138.48;891.084;1797.27;-1850.54
1
55.4161;-1881.92;177.396;-1602.65;1059.63;-2411.42;2577.02;3608.52
1
-73.6784;-3398.59;1358.96;-1198.34;2632.17;-1112.71;-328.267;1125.14
1
-407.446;-247.231;1058.65;-1858.57;1758.22;2049.44;1824.47;-1820.07
1
1919.27;3109.61;-2849.54;-994.109;778.271;2242.85;-139.37;1490.11
-1
2946.04;821.321;1579.56;-120.271;29.9658;2915.14;-2897.99;1927.89
-1
-2496.64;654.652;1777.38;-1574.28;-3525.25;186.233;3361.82;-1708.2
1
1051.37;3162.41;-662.53;-2767.46;3824.57;-3354.28;318.392;-1641.64
-1
1657.31;2816.69;2012.32;181.281;-2846.51;-117.087;-307.287;3374.1
-1
368.791;1970.11;-549.07;3029.02;507.225;809.234;527.308;-2626.34
1
-3685.33;-3279.89;2365.55;3534.76;-1153.6;2373.44;-3259.21;1429.27
1
2887.55;-3087.11;2923.13;818.342;-2232.51;1604.65;3353.23;3611.07
-1
2479.17;2531.41;-312.908;-3171.47;-328.58;1978.83;397.604;1661.42
-1
-854.093;691.514;2062.91;1069.69;1219.95;539.284;2132.14;-2477.58
1
-180.895;1604.64;341.523;-2185.34;-2986.48;-2148.15;-1674.95;536.855
1
-1494.8;2963.36;312.964;-3835.59;-2087.77;-2999.74;177.118;-3658.42
1
-1075.61;1557.97;-2899.79;1314.46;741.802;-3381.45;-3372.24;1786.15
1
-3428.57;-3514.11;1811.31;-209.939;-2896.57;1267.8;1267.19;3713.99
1
-1711.34;964.64;-25.7603;1632.99;-3624.73;-589.569;-2351.26;1678.76
1
2999.85;2218.36;2130.53;54.8723;680.372;-1237.01;-1295.98;-1238.93
-1
-2667.4;382.158;2314.13;-1560.29;1007.03;-2188.87;-1844.65;-2035.78
1
3437.27;3890.46;2552.49;3645.21;-3827.63;3356.62;-1857.4;1740.74
-1
3619.59;-2554.41;1356.72;203.643;-613.444;2939.92;-2826.96;823.149
-1
-120.716;-2982.93;-3582.01;-1558.88;1603.58;-72.0379;1998.53;-1843.52
1
1964.46;-1028.01;-3175.24;3548.03;3260.36;-2810.73;-885.999;-28.4452
-1
-761.908;331.782;-854.791;-2799.57;-1112;-195.674;1901.13;-2752.4
1
3594.98;3503.49;-443.103;-3532.26;-183.839;-3096.88;-841.843;-1538.93
-1
-2445.98;-2245.98;3179.44;-3250.86;85.7627;-3868.51;-1134.19;-1017.81
1
-2276.29;-861.701;2487.45;3656.7;-2546.93;2971.86;1282.16;-2909.93
1
-619.373;-2052.78;-2004.57;-1476.15;1240.08;-845.485;2190.67;3410.98
1
-1300.97;162.348;937.468;1021.11;-3705.11;-743.43;19.9199;3428.35
1
3814.04;-799.672;506.939;-3228.34;2480.42;-3731.45;2639.94;2781.2
-1
1879.55;-1862.08;-878.345;1350.75;-2827.69;1102.08;2598.84;1240.46
-1
-2716.89;239.751;-43.5076;3158.91;-2868.49;-1403.98;2529.8;3843.64
1
2868.88;2733.61;-679.271;-3637.93;-2719.02;761.898;3535.69;-551.437
-1
2587.86;-1607.67;1985.43;1263.91;-2656.36;-3629.89;425.713;-1055.72
-1
3167.74;2305.06;2540.49;-2178.8;434.794;2994.35;734.779;3897.76
-1
3090.87;-2748.95;-323.373;3337.25;-3397.28;-1977.06;3005.87;-3056.2
-1
